8.10563 -59.9988 0 0
46.9064 67.6398 0 0
46.8601 -83.0922 0 0
33.8807 -83.3428 0 0
-15.1891 -8.28995 0 0
19.3188 -69.4742 0 0
46.4361 95.4936 0 0
-1.80642 0.596128 0 0
-4.83675 -77.8327 0 0
-39.3535 -96.69 0 0
-3.21124 66.878 0 0
-16.166 -0.515458 0 0
-3.29867 10.7146 0 0
-22.7361 -5.59609 0 0
-19.7023 34.3084 0 0
11.9267 80.1527 0 0
-2.40784 21.6838 0 0
14.1831 27.9942 0 0
25.678 -86.3403 0 0
3.8888 74.4199 0 0
-32.6506 -15.618 0 0
-29.8025 80.6015 0 0
43.9395 -81.3522 0 0
-37.8709 -5.64468 0 0
-14.902 60.1034 0 0
36.8301 86.3189 0 0
-34.6817 15.6476 0 0
-27.1578 50.1268 0 0
-40.4129 -78.621 0 0
15.1401 29.3726 0 0
16.4546 13.8609 0 0
22.0437 -94.0296 0 0
17.5598 -46.9763 0 0
4.06206 23.399 0 0
34.8771 26.832 0 0
36.807 -27.9617 0 0
-40.0422 -12.1897 0 0
39.0372 -92.2639 0 0
-31.1486 44.5175 0 0
7.2609 -64.0642 0 0
-41.3759 -44.2904 0 0
29.2261 38.3367 0 0
12.1834 85.4855 0 0
6.19023 -17.7274 0 0
9.38354 -13.1192 0 0
32.9824 1.73391 0 0
17.4431 -61.1924 0 0
-48.5139 20.539 0 0
-32.4338 57.0254 0 0
18.1357 -79.0243 0 0
10.3762 30.2284 0 0
-44.7979 42.4044 0 0
-16.2564 -10.6719 0 0
18.4698 -3.03626 0 0
-30.2097 5.1309 0 0
4.71486 -79.2768 0 0
39.6233 62.1053 0 0
-39.5414 94.2969 0 0
46.467 83.2602 0 0
-25.81 79.2167 0 0
-6.84548 11.6351 0 0
35.7839 -26.5153 0 0
-4.3803 37.1561 0 0
-3.36011 -29.7673 0 0
-12.9607 9.83692 0 0
-36.9292 -60.0697 0 0
47.9601 64.1385 0 0
-29.4315 -45.2425 0 0
-22.419 -55.2203 0 0
-2.48394 -28.801 0 0
24.5355 42.3875 0 0
21.8794 -5.44835 0 0
19.1611 -82.5771 0 0
24.5941 -97.7206 0 0
0.405774 -51.4699 0 0
-32.9846 89.5892 0 0
-29.2003 88.7453 0 0
-49.2164 -2.93361 0 0
17.7152 16.6957 0 0
-32.7156 52.0028 0 0
24.4428 -2.37074 0 0
-39.3337 86.1068 0 0
-21.064 -31.0734 0 0
49.0413 -8.72112 0 0
37.957 72.8144 0 0
43.1897 -72.2988 0 0
-32.8532 -67.0537 0 0
-14.5949 70.9644 0 0
-49.422 -54.7229 0 0
-8.79936 -4.40985 0 0
29.3848 -79.2757 0 0
-33.6477 3.77908 0 0
-45.2844 -14.8681 0 0
42.9694 -39.3092 0 0
24.702 -49.785 0 0
33.7026 8.54905 0 0
-9.87573 -31.9798 0 0
2.30893 -25.2099 0 0
-2.99109 -56.9803 0 0
40.3897 9.58308 0 0
-70.9472 -89.5959 0 0
-51.5468 -32.5129 0 0
-51.5699 36.9396 0 0
-58.0597 -60.4193 0 0
-82.5945 9.42972 0 0
-65.3406 79.2466 0 0
-51.7819 -79.0828 0 0
-75.9032 92.9341 0 0
-77.4184 -51.62 0 0
-94.6767 -13.691 0 0
-76.6056 71.5679 0 0
-83.083 -8.76059 0 0
-76.6493 -6.72023 0 0
-86.3681 -25.9213 0 0
-84.8511 -73.8583 0 0
-69.0366 95.9202 0 0
-76.2039 -58.863 0 0
-67.9084 -44.838 0 0
-62.161 -4.96788 0 0
-73.0556 49.0709 0 0
-91.3253 43.7588 0 0
-89.9013 38.3222 0 0
-53.0303 49.1882 0 0
-93.9355 0.811548 0 0
-82.451 -65.9691 0 0
-56.5849 -58.4005 0 0
-92.3409 -98.4327 0 0
-88.5789 35.4303 0 0
-95.2064 -65.4313 0 0
-67.43 48.8856 0 0
-66.7727 -78.6674 0 0
-63.9781 -42.128 0 0
-66.2201 98.0825 0 0
-72.969 75.914 0 0
-57.5614 86.3793 0 0
-56.5965 -65.7064 0 0
-95.0211 -29.1898 0 0
-55.4814 -98.844 0 0
-90.5743 -17.5987 0 0
-71.3695 58.7695 0 0
-95.688 -67.2954 0 0
-60.3869 -90.5689 0 0
-68.9083 85.9388 0 0
-71.9049 49.404 0 0
-70.3082 67.4052 0 0
-58.5088 -19.7515 0 0
-66.2785 4.61786 0 0
-99.2569 -5.98218 0 0
-91.2169 80.7793 0 0
-65.9321 61.764 0 0
79.0528 -89.5959 0 0
98.4532 -32.5129 0 0
98.4301 36.9396 0 0
91.9403 -60.4193 0 0
67.4055 9.42972 0 0
84.6594 79.2466 0 0
98.2181 -79.0828 0 0
74.0968 92.9341 0 0
72.5816 -51.62 0 0
55.3233 -13.691 0 0
73.3944 71.5679 0 0
66.917 -8.76059 0 0
73.3507 -6.72023 0 0
63.6319 -25.9213 0 0
65.1489 -73.8583 0 0
80.9634 95.9202 0 0
73.7961 -58.863 0 0
82.0916 -44.838 0 0
87.839 -4.96788 0 0
76.9444 49.0709 0 0
58.6747 43.7588 0 0
60.0987 38.3222 0 0
96.9697 49.1882 0 0
56.0645 0.811548 0 0
67.549 -65.9691 0 0
93.4151 -58.4005 0 0
57.6591 -98.4327 0 0
61.4211 35.4303 0 0
54.7936 -65.4313 0 0
82.57 48.8856 0 0
83.2273 -78.6674 0 0
86.0219 -42.128 0 0
83.7799 98.0825 0 0
77.031 75.914 0 0
92.4386 86.3793 0 0
93.4035 -65.7064 0 0
54.9789 -29.1898 0 0
94.5186 -98.844 0 0
59.4257 -17.5987 0 0
78.6305 58.7695 0 0
54.312 -67.2954 0 0
89.6131 -90.5689 0 0
81.0917 85.9388 0 0
78.0951 49.404 0 0
79.6918 67.4052 0 0
91.4912 -19.7515 0 0
83.7215 4.61786 0 0
50.7431 -5.98218 0 0
58.7831 80.7793 0 0
84.0679 61.764 0 0
