NumberAnchors 40 NumberNodes 10
0 -10.5936 -30.6854 0 -32.4777 29.9531 4155.95
0 -10.5936 -30.6854 1 62.0892 -18.4719 5431.95
0 -10.5936 -30.6854 2 -59.8711 83.5531 15478.7
0 -10.5936 -30.6854 3 76.6124 93.2874 22974.1
0 -10.5936 -30.6854 4 64.8033 -15.4496 5916.82
0 -10.5936 -30.6854 5 -88.777 5.01773 7387.37
0 -10.5936 -30.6854 6 33.7562 -1.22468 2834.83
0 -10.5936 -30.6854 7 76.6273 -84.4602 10499.2
0 -10.5936 -30.6854 8 -1.41628 -51.2216 505.959
0 -10.5936 -30.6854 9 66.0988 2.11186 6957.38
1 -31.7546 85.8353 0 -32.4777 29.9531 3123.34
1 -31.7546 85.8353 1 62.0892 -18.4719 19686.7
1 -31.7546 85.8353 2 -59.8711 83.5531 795.746
1 -31.7546 85.8353 3 76.6124 93.2874 11798.9
1 -31.7546 85.8353 4 64.8033 -15.4496 19582.1
1 -31.7546 85.8353 5 -88.777 5.01773 9783.03
1 -31.7546 85.8353 6 33.7562 -1.22468 11871.1
1 -31.7546 85.8353 7 76.6273 -84.4602 40747.2
1 -31.7546 85.8353 8 -1.41628 -51.2216 19705
1 -31.7546 85.8353 9 66.0988 2.11186 16584.9
2 90.7415 33.5686 0 -32.4777 29.9531 15196
2 90.7415 33.5686 1 62.0892 -18.4719 3529.17
2 90.7415 33.5686 2 -59.8711 83.5531 25182.6
2 90.7415 33.5686 3 76.6124 93.2874 3765.97
2 90.7415 33.5686 4 64.8033 -15.4496 3075.57
2 90.7415 33.5686 5 -88.777 5.01773 33042
2 90.7415 33.5686 6 33.7562 -1.22468 4457.89
2 90.7415 33.5686 7 76.6273 -84.4602 14130
2 90.7415 33.5686 8 -1.41628 -51.2216 15682.4
2 90.7415 33.5686 9 66.0988 2.11186 1596.79
3 18.8586 28.6847 0 -32.4777 29.9531 2637.03
3 18.8586 28.6847 1 62.0892 -18.4719 4092.63
3 18.8586 28.6847 2 -59.8711 83.5531 9208.9
3 18.8586 28.6847 3 76.6124 93.2874 7509
3 18.8586 28.6847 4 64.8033 -15.4496 4058.76
3 18.8586 28.6847 5 -88.777 5.01773 12145.6
3 18.8586 28.6847 6 33.7562 -1.22468 1116.51
3 18.8586 28.6847 7 76.6273 -84.4602 16139
3 18.8586 28.6847 8 -1.41628 -51.2216 6796.1
3 18.8586 28.6847 9 66.0988 2.11186 2937.75
4 52.156 81.3798 0 -32.4777 29.9531 9807.56
4 52.156 81.3798 1 62.0892 -18.4719 10069
4 52.156 81.3798 2 -59.8711 83.5531 12554.8
4 52.156 81.3798 3 76.6124 93.2874 739.908
4 52.156 81.3798 4 64.8033 -15.4496 9535.89
4 52.156 81.3798 5 -88.777 5.01773 25693.3
4 52.156 81.3798 6 33.7562 -1.22468 7162.05
4 52.156 81.3798 7 76.6273 -84.4602 28101.7
4 52.156 81.3798 8 -1.41628 -51.2216 20453.1
4 52.156 81.3798 9 66.0988 2.11186 6477.8
5 81.4165 20.4773 0 -32.4777 29.9531 13061.7
5 81.4165 20.4773 1 62.0892 -18.4719 1890.59
5 81.4165 20.4773 2 -59.8711 83.5531 23940.7
5 81.4165 20.4773 3 76.6124 93.2874 5324.39
5 81.4165 20.4773 4 64.8033 -15.4496 1566.74
5 81.4165 20.4773 5 -88.777 5.01773 29204.8
5 81.4165 20.4773 6 33.7562 -1.22468 2742.48
5 81.4165 20.4773 7 76.6273 -84.4602 11034.8
5 81.4165 20.4773 8 -1.41628 -51.2216 12002
5 81.4165 20.4773 9 66.0988 2.11186 571.921
6 -60.2514 -85.9563 0 -32.4777 29.9531 14206.4
6 -60.2514 -85.9563 1 62.0892 -18.4719 19521.3
6 -60.2514 -85.9563 2 -59.8711 83.5531 28733.6
6 -60.2514 -85.9563 3 76.6124 93.2874 50860
6 -60.2514 -85.9563 4 64.8033 -15.4496 20609.9
6 -60.2514 -85.9563 5 -88.777 5.01773 9090
6 -60.2514 -85.9563 6 33.7562 -1.22468 16016.9
6 -60.2514 -85.9563 7 76.6273 -84.4602 18738
6 -60.2514 -85.9563 8 -1.41628 -51.2216 4668.07
6 -60.2514 -85.9563 9 66.0988 2.11186 23720.4
7 -11.9925 -72.2435 0 -32.4777 29.9531 10863.8
7 -11.9925 -72.2435 1 62.0892 -18.4719 8379.48
7 -11.9925 -72.2435 2 -59.8711 83.5531 26564.9
7 -11.9925 -72.2435 3 76.6124 93.2874 35251.3
7 -11.9925 -72.2435 4 64.8033 -15.4496 9123.15
7 -11.9925 -72.2435 5 -88.777 5.01773 11865.2
7 -11.9925 -72.2435 6 33.7562 -1.22468 7136.62
7 -11.9925 -72.2435 7 76.6273 -84.4602 8002.72
7 -11.9925 -72.2435 8 -1.41628 -51.2216 553.778
7 -11.9925 -72.2435 9 66.0988 2.11186 11627
8 88.3125 84.8805 0 -32.4777 29.9531 17607.3
8 88.3125 84.8805 1 62.0892 -18.4719 11369.4
8 88.3125 84.8805 2 -59.8711 83.5531 21960.1
8 88.3125 84.8805 3 76.6124 93.2874 207.569
8 88.3125 84.8805 4 64.8033 -15.4496 10618.8
8 88.3125 84.8805 5 -88.777 5.01773 37738.8
8 88.3125 84.8805 6 33.7562 -1.22468 10390.5
8 88.3125 84.8805 7 76.6273 -84.4602 28812.8
8 88.3125 84.8805 8 -1.41628 -51.2216 26575
8 88.3125 84.8805 9 66.0988 2.11186 7344.1
9 60.9838 15.2378 0 -32.4777 29.9531 8951.59
9 60.9838 15.2378 1 62.0892 -18.4719 1137.57
9 60.9838 15.2378 2 -59.8711 83.5531 19272.9
9 60.9838 15.2378 3 76.6124 93.2874 6336
9 60.9838 15.2378 4 64.8033 -15.4496 956.305
9 60.9838 15.2378 5 -88.777 5.01773 22532.8
9 60.9838 15.2378 6 33.7562 -1.22468 1012.36
9 60.9838 15.2378 7 76.6273 -84.4602 10184.4
9 60.9838 15.2378 8 -1.41628 -51.2216 8310.62
9 60.9838 15.2378 9 66.0988 2.11186 198.453
10 -88.7557 81.6231 0 -32.4777 29.9531 5837
10 -88.7557 81.6231 1 62.0892 -18.4719 32773.2
10 -88.7557 81.6231 2 -59.8711 83.5531 838.047
10 -88.7557 81.6231 3 76.6124 93.2874 27482.7
10 -88.7557 81.6231 4 64.8033 -15.4496 33003.5
10 -88.7557 81.6231 5 -88.777 5.01773 5868.38
10 -88.7557 81.6231 6 33.7562 -1.22468 21872.9
10 -88.7557 81.6231 7 76.6273 -84.4602 54935.2
10 -88.7557 81.6231 8 -1.41628 -51.2216 25275.9
10 -88.7557 81.6231 9 66.0988 2.11186 30302
11 30.5261 97.6803 0 -32.4777 29.9531 8556.45
11 30.5261 97.6803 1 62.0892 -18.4719 14487.6
11 30.5261 97.6803 2 -59.8711 83.5531 8371.23
11 30.5261 97.6803 3 76.6124 93.2874 2143.24
11 30.5261 97.6803 4 64.8033 -15.4496 13973.3
11 30.5261 97.6803 5 -88.777 5.01773 22819.6
11 30.5261 97.6803 6 33.7562 -1.22468 9792.63
11 30.5261 97.6803 7 76.6273 -84.4602 35300.5
11 30.5261 97.6803 8 -1.41628 -51.2216 23192.1
11 30.5261 97.6803 9 66.0988 2.11186 10398.7
12 -46.44 84.5503 0 -32.4777 29.9531 3175.8
12 -46.44 84.5503 1 62.0892 -18.4719 22392.2
12 -46.44 84.5503 2 -59.8711 83.5531 181.39
12 -46.44 84.5503 3 76.6124 93.2874 15218.2
12 -46.44 84.5503 4 64.8033 -15.4496 22375.1
12 -46.44 84.5503 5 -88.777 5.01773 8117.86
12 -46.44 84.5503 6 33.7562 -1.22468 13788.8
12 -46.44 84.5503 7 76.6273 -84.4602 43710.1
12 -46.44 84.5503 8 -1.41628 -51.2216 20461.1
12 -46.44 84.5503 9 66.0988 2.11186 19461.1
13 74.3517 -43.0225 0 -32.4777 29.9531 16738
13 74.3517 -43.0225 1 62.0892 -18.4719 753.098
13 74.3517 -43.0225 2 -59.8711 83.5531 34037.1
13 74.3517 -43.0225 3 76.6124 93.2874 18585.5
13 74.3517 -43.0225 4 64.8033 -15.4496 851.434
13 74.3517 -43.0225 5 -88.777 5.01773 28918.8
13 74.3517 -43.0225 6 33.7562 -1.22468 3395.05
13 74.3517 -43.0225 7 76.6273 -84.4602 1722.26
13 74.3517 -43.0225 8 -1.41628 -51.2216 5808.01
13 74.3517 -43.0225 9 66.0988 2.11186 2105.22
14 -9.34433 67.7279 0 -32.4777 29.9531 1962.09
14 -9.34433 67.7279 1 62.0892 -18.4719 12533.2
14 -9.34433 67.7279 2 -59.8711 83.5531 2803.39
14 -9.34433 67.7279 3 76.6124 93.2874 8041.84
14 -9.34433 67.7279 4 64.8033 -15.4496 12416.4
14 -9.34433 67.7279 5 -88.777 5.01773 10242.1
14 -9.34433 67.7279 6 33.7562 -1.22468 6612.12
14 -9.34433 67.7279 7 76.6273 -84.4602 30552.3
14 -9.34433 67.7279 8 -1.41628 -51.2216 14211.9
14 -9.34433 67.7279 9 66.0988 2.11186 9997.13
15 -43.1851 -44.9289 0 -32.4777 29.9531 5721.97
15 -43.1851 -44.9289 1 62.0892 -18.4719 11782.6
15 -43.1851 -44.9289 2 -59.8711 83.5531 16786
15 -43.1851 -44.9289 3 76.6124 93.2874 33455.2
15 -43.1851 -44.9289 4 64.8033 -15.4496 12530.5
15 -43.1851 -44.9289 5 -88.777 5.01773 4573.29
15 -43.1851 -44.9289 6 33.7562 -1.22468 7830.02
15 -43.1851 -44.9289 7 76.6273 -84.4602 15917.7
15 -43.1851 -44.9289 8 -1.41628 -51.2216 1784.23
15 -43.1851 -44.9289 9 66.0988 2.11186 14155.8
16 -8.1466 23.0714 0 -32.4777 29.9531 639.36
16 -8.1466 23.0714 1 62.0892 -18.4719 6658.91
16 -8.1466 23.0714 2 -59.8711 83.5531 6333.45
16 -8.1466 23.0714 3 76.6124 93.2874 12114.4
16 -8.1466 23.0714 4 64.8033 -15.4496 6805.56
16 -8.1466 23.0714 5 -88.777 5.01773 6827.2
16 -8.1466 23.0714 6 33.7562 -1.22468 2346.14
16 -8.1466 23.0714 7 76.6273 -84.4602 18749.7
16 -8.1466 23.0714 8 -1.41628 -51.2216 5564.76
16 -8.1466 23.0714 9 66.0988 2.11186 5951.68
17 94.9754 28.5603 0 -32.4777 29.9531 16246.2
17 94.9754 28.5603 1 62.0892 -18.4719 3293.53
17 94.9754 28.5603 2 -59.8711 83.5531 27001.7
17 94.9754 28.5603 3 76.6124 93.2874 4526.8
17 94.9754 28.5603 4 64.8033 -15.4496 2847.22
17 94.9754 28.5603 5 -88.777 5.01773 34319.2
17 94.9754 28.5603 6 33.7562 -1.22468 4634.94
17 94.9754 28.5603 7 76.6273 -84.4602 13110.3
17 94.9754 28.5603 8 -1.41628 -51.2216 15656.5
17 94.9754 28.5603 9 66.0988 2.11186 1533.38
18 16.294 -83.7705 0 -32.4777 29.9531 15311.7
18 16.294 -83.7705 1 62.0892 -18.4719 6361.11
18 16.294 -83.7705 2 -59.8711 83.5531 33798.3
18 16.294 -83.7705 3 76.6124 93.2874 34987.8
18 16.294 -83.7705 4 64.8033 -15.4496 7020.91
18 16.294 -83.7705 5 -88.777 5.01773 18923.3
18 16.294 -83.7705 6 33.7562 -1.22468 7118.75
18 16.294 -83.7705 7 76.6273 -84.4602 3640.59
18 16.294 -83.7705 8 -1.41628 -51.2216 1373.08
18 16.294 -83.7705 9 66.0988 2.11186 9856.31
19 -23.3624 9.36334 0 -32.4777 29.9531 507.028
19 -23.3624 9.36334 1 62.0892 -18.4719 8076.77
19 -23.3624 9.36334 2 -59.8711 83.5531 6837
19 -23.3624 9.36334 3 76.6124 93.2874 17038.2
19 -23.3624 9.36334 4 64.8033 -15.4496 8388.88
19 -23.3624 9.36334 5 -88.777 5.01773 4297.96
19 -23.3624 9.36334 6 33.7562 -1.22468 3374.64
19 -23.3624 9.36334 7 76.6273 -84.4602 18800.8
19 -23.3624 9.36334 8 -1.41628 -51.2216 4152.17
19 -23.3624 9.36334 9 66.0988 2.11186 8055.89
20 -68.9084 33.3003 0 -32.4777 29.9531 1338.4
20 -68.9084 33.3003 1 62.0892 -18.4719 19840.7
20 -68.9084 33.3003 2 -59.8711 83.5531 2607.02
20 -68.9084 33.3003 3 76.6124 93.2874 24774.7
20 -68.9084 33.3003 4 64.8033 -15.4496 20255.4
20 -68.9084 33.3003 5 -88.777 5.01773 1194.66
20 -68.9084 33.3003 6 33.7562 -1.22468 11732
20 -68.9084 33.3003 7 76.6273 -84.4602 35048.2
20 -68.9084 33.3003 8 -1.41628 -51.2216 11699.1
20 -68.9084 33.3003 9 66.0988 2.11186 19199.6
21 2.70665 1.66211 0 -32.4777 29.9531 2038.32
21 2.70665 1.66211 1 62.0892 -18.4719 3931.66
21 2.70665 1.66211 2 -59.8711 83.5531 10622.1
21 2.70665 1.66211 3 76.6124 93.2874 13857.3
21 2.70665 1.66211 4 64.8033 -15.4496 4148.81
21 2.70665 1.66211 5 -88.777 5.01773 8380.52
21 2.70665 1.66211 6 33.7562 -1.22468 972.407
21 2.70665 1.66211 7 76.6273 -84.4602 12881.3
21 2.70665 1.66211 8 -1.41628 -51.2216 2813.69
21 2.70665 1.66211 9 66.0988 2.11186 4018.76
22 -72.1205 -14.7843 0 -32.4777 29.9531 3572.99
22 -72.1205 -14.7843 1 62.0892 -18.4719 18025.8
22 -72.1205 -14.7843 2 -59.8711 83.5531 9820.29
22 -72.1205 -14.7843 3 76.6124 93.2874 33801
22 -72.1205 -14.7843 4 64.8033 -15.4496 18748.6
22 -72.1205 -14.7843 5 -88.777 5.01773 669.559
22 -72.1205 -14.7843 6 33.7562 -1.22468 11393.7
22 -72.1205 -14.7843 7 76.6273 -84.4602 26980.7
22 -72.1205 -14.7843 8 -1.41628 -51.2216 6326.77
22 -72.1205 -14.7843 9 66.0988 2.11186 19390.1
23 11.9059 51.538 0 -32.4777 29.9531 2435.81
23 11.9059 51.538 1 62.0892 -18.4719 7419.76
23 11.9059 51.538 2 -59.8711 83.5531 6176.9
23 11.9059 51.538 3 76.6124 93.2874 5929.94
23 11.9059 51.538 4 64.8033 -15.4496 7285.48
23 11.9059 51.538 5 -88.777 5.01773 12301.2
23 11.9059 51.538 6 33.7562 -1.22468 3261.34
23 11.9059 51.538 7 76.6273 -84.4602 22684.4
23 11.9059 51.538 8 -1.41628 -51.2216 10737
23 11.9059 51.538 9 66.0988 2.11186 5379.82
24 -74.7287 -63.1336 0 -32.4777 29.9531 10450.3
24 -74.7287 -63.1336 1 62.0892 -18.4719 20713.8
24 -74.7287 -63.1336 2 -59.8711 83.5531 21737.7
24 -74.7287 -63.1336 3 76.6124 93.2874 47371.7
24 -74.7287 -63.1336 4 64.8033 -15.4496 21743
24 -74.7287 -63.1336 5 -88.777 5.01773 4841.96
24 -74.7287 -63.1336 6 33.7562 -1.22468 15601.7
24 -74.7287 -63.1336 7 76.6273 -84.4602 23363.5
24 -74.7287 -63.1336 8 -1.41628 -51.2216 5516.61
24 -74.7287 -63.1336 9 66.0988 2.11186 24089.4
25 -9.89024 72.7105 0 -32.4777 29.9531 2338.38
25 -9.89024 72.7105 1 62.0892 -18.4719 13495.3
25 -9.89024 72.7105 2 -59.8711 83.5531 2615.65
25 -9.89024 72.7105 3 76.6124 93.2874 7906.11
25 -9.89024 72.7105 4 64.8033 -15.4496 13351.3
25 -9.89024 72.7105 5 -88.777 5.01773 10805.4
25 -9.89024 72.7105 6 33.7562 -1.22468 7371.41
25 -9.89024 72.7105 7 76.6273 -84.4602 32187.9
25 -9.89024 72.7105 8 -1.41628 -51.2216 15431
25 -9.89024 72.7105 9 66.0988 2.11186 10758.5
26 -95.2134 -99.8818 0 -32.4777 29.9531 20792.9
26 -95.2134 -99.8818 1 62.0892 -18.4719 31371.7
26 -95.2134 -99.8818 2 -59.8711 83.5531 34897.4
26 -95.2134 -99.8818 3 76.6124 93.2874 66838.5
26 -95.2134 -99.8818 4 64.8033 -15.4496 32734.2
26 -95.2134 -99.8818 5 -88.777 5.01773 11045.3
26 -95.2134 -99.8818 6 33.7562 -1.22468 26366.4
26 -95.2134 -99.8818 7 76.6273 -84.4602 29767.1
26 -95.2134 -99.8818 8 -1.41628 -51.2216 11165.7
26 -95.2134 -99.8818 9 66.0988 2.11186 36424.3
27 -61.3588 -51.4599 0 -32.4777 29.9531 7462.19
27 -61.3588 -51.4599 1 62.0892 -18.4719 16327.6
27 -61.3588 -51.4599 2 -59.8711 83.5531 18230.7
27 -61.3588 -51.4599 3 76.6124 93.2874 39987.8
27 -61.3588 -51.4599 4 64.8033 -15.4496 17213.6
27 -61.3588 -51.4599 5 -88.777 5.01773 3941.48
27 -61.3588 -51.4599 6 33.7562 -1.22468 11570.4
27 -61.3588 -51.4599 7 76.6273 -84.4602 20129.2
27 -61.3588 -51.4599 8 -1.41628 -51.2216 3593.16
27 -61.3588 -51.4599 9 66.0988 2.11186 19115.4
28 -74.2732 -25.1484 0 -32.4777 29.9531 4783.04
28 -74.2732 -25.1484 1 62.0892 -18.4719 18639.3
28 -74.2732 -25.1484 2 -59.8711 83.5531 12023.4
28 -74.2732 -25.1484 3 76.6124 93.2874 36793.5
28 -74.2732 -25.1484 4 64.8033 -15.4496 19436.4
28 -74.2732 -25.1484 5 -88.777 5.01773 1120.36
28 -74.2732 -25.1484 6 33.7562 -1.22468 12242.7
28 -74.2732 -25.1484 7 76.6273 -84.4602 26288.9
28 -74.2732 -25.1484 8 -1.41628 -51.2216 5987.95
28 -74.2732 -25.1484 9 66.0988 2.11186 20447.4
29 -24.2194 72.3354 0 -32.4777 29.9531 1864.46
29 -24.2194 72.3354 1 62.0892 -18.4719 15695.1
29 -24.2194 72.3354 2 -59.8711 83.5531 1396.88
29 -24.2194 72.3354 3 76.6124 93.2874 10606
29 -24.2194 72.3354 4 64.8033 -15.4496 15631.3
29 -24.2194 72.3354 5 -88.777 5.01773 8699.36
29 -24.2194 72.3354 6 33.7562 -1.22468 8772.26
29 -24.2194 72.3354 7 76.6273 -84.4602 34754.9
29 -24.2194 72.3354 8 -1.41628 -51.2216 15786.3
29 -24.2194 72.3354 9 66.0988 2.11186 13088.7
30 -37.6731 -54.2546 0 -32.4777 29.9531 7117.92
30 -37.6731 -54.2546 1 62.0892 -18.4719 11232.9
30 -37.6731 -54.2546 2 -59.8711 83.5531 19483.7
30 -37.6731 -54.2546 3 76.6124 93.2874 34829.8
30 -37.6731 -54.2546 4 64.8033 -15.4496 12007.2
30 -37.6731 -54.2546 5 -88.777 5.01773 6124.82
30 -37.6731 -54.2546 6 33.7562 -1.22468 7914.3
30 -37.6731 -54.2546 7 76.6273 -84.4602 13977
30 -37.6731 -54.2546 8 -1.41628 -51.2216 1323.75
30 -37.6731 -54.2546 9 66.0988 2.11186 13945.8
31 -20.4313 17.1433 0 -32.4777 29.9531 309.207
31 -20.4313 17.1433 1 62.0892 -18.4719 8078.07
31 -20.4313 17.1433 2 -59.8711 83.5531 5965.75
31 -20.4313 17.1433 3 76.6124 93.2874 15215.4
31 -20.4313 17.1433 4 64.8033 -15.4496 8327.24
31 -20.4313 17.1433 5 -88.777 5.01773 4818.17
31 -20.4313 17.1433 6 33.7562 -1.22468 3273.67
31 -20.4313 17.1433 7 76.6273 -84.4602 19743.6
31 -20.4313 17.1433 8 -1.41628 -51.2216 5035.34
31 -20.4313 17.1433 9 66.0988 2.11186 7713.4
32 -99.2572 -32.4474 0 -32.4777 29.9531 8353.33
32 -99.2572 -32.4474 1 62.0892 -18.4719 26228
32 -99.2572 -32.4474 2 -59.8711 83.5531 15007.4
32 -99.2572 -32.4474 3 76.6124 93.2874 46739.4
32 -99.2572 -32.4474 4 64.8033 -15.4496 27204.8
32 -99.2572 -32.4474 5 -88.777 5.01773 1513.47
32 -99.2572 -32.4474 6 33.7562 -1.22468 18667.4
32 -99.2572 -32.4474 7 76.6273 -84.4602 33640.7
32 -99.2572 -32.4474 8 -1.41628 -51.2216 9925.32
32 -99.2572 -32.4474 9 66.0988 2.11186 28537
33 3.66244 -68.5044 0 -32.4777 29.9531 11000
33 3.66244 -68.5044 1 62.0892 -18.4719 5916.93
33 3.66244 -68.5044 2 -59.8711 83.5531 27158
33 3.66244 -68.5044 3 76.6124 93.2874 31498.3
33 3.66244 -68.5044 4 64.8033 -15.4496 6553.02
33 3.66244 -68.5044 5 -88.777 5.01773 13950.6
33 3.66244 -68.5044 6 33.7562 -1.22468 5432.19
33 3.66244 -68.5044 7 76.6273 -84.4602 5578.46
33 3.66244 -68.5044 8 -1.41628 -51.2216 324.486
33 3.66244 -68.5044 9 66.0988 2.11186 8884.95
34 -65.7032 72.1828 0 -32.4777 29.9531 2887.28
34 -65.7032 72.1828 1 62.0892 -18.4719 24549.2
34 -65.7032 72.1828 2 -59.8711 83.5531 163.298
34 -65.7032 72.1828 3 76.6124 93.2874 20699.1
34 -65.7032 72.1828 4 64.8033 -15.4496 24711.4
34 -65.7032 72.1828 5 -88.777 5.01773 5043.54
34 -65.7032 72.1828 6 33.7562 -1.22468 15280.8
34 -65.7032 72.1828 7 76.6273 -84.4602 44795
34 -65.7032 72.1828 8 -1.41628 -51.2216 19361.5
34 -65.7032 72.1828 9 66.0988 2.11186 22281.7
35 53.1326 26.1379 0 -32.4777 29.9531 7343.68
35 53.1326 26.1379 1 62.0892 -18.4719 2070.26
35 53.1326 26.1379 2 -59.8711 83.5531 16066.3
35 53.1326 26.1379 3 76.6124 93.2874 5060.36
35 53.1326 26.1379 4 64.8033 -15.4496 1865.73
35 53.1326 26.1379 5 -88.777 5.01773 20584.4
35 53.1326 26.1379 6 33.7562 -1.22468 1124.15
35 53.1326 26.1379 7 76.6273 -84.4602 12783.9
35 53.1326 26.1379 8 -1.41628 -51.2216 8960.07
35 53.1326 26.1379 9 66.0988 2.11186 745.372
36 81.3309 -44.6531 0 -32.4777 29.9531 18518.5
36 81.3309 -44.6531 1 62.0892 -18.4719 1055.7
36 81.3309 -44.6531 2 -59.8711 83.5531 36374.8
36 81.3309 -44.6531 3 76.6124 93.2874 19049.8
36 81.3309 -44.6531 4 64.8033 -15.4496 1126
36 81.3309 -44.6531 5 -88.777 5.01773 31403.9
36 81.3309 -44.6531 6 33.7562 -1.22468 4149.38
36 81.3309 -44.6531 7 76.6273 -84.4602 1606.73
36 81.3309 -44.6531 8 -1.41628 -51.2216 6890.24
36 81.3309 -44.6531 9 66.0988 2.11186 2418.98
37 34.8567 58.5679 0 -32.4777 29.9531 5352.72
37 34.8567 58.5679 1 62.0892 -18.4719 6676.74
37 34.8567 58.5679 2 -59.8711 83.5531 9597.61
37 34.8567 58.5679 3 76.6124 93.2874 2948.98
37 34.8567 58.5679 4 64.8033 -15.4496 6375.39
37 34.8567 58.5679 5 -88.777 5.01773 18152.9
37 34.8567 58.5679 6 33.7562 -1.22468 3576.36
37 34.8567 58.5679 7 76.6273 -84.4602 22201.8
37 34.8567 58.5679 8 -1.41628 -51.2216 13369.5
37 34.8567 58.5679 9 66.0988 2.11186 4163.35
38 43.1926 -32.1988 0 -32.4777 29.9531 9588.85
38 43.1926 -32.1988 1 62.0892 -18.4719 545.506
38 43.1926 -32.1988 2 -59.8711 83.5531 24020.6
38 43.1926 -32.1988 3 76.6124 93.2874 16863.7
38 43.1926 -32.1988 4 64.8033 -15.4496 747.558
38 43.1926 -32.1988 5 -88.777 5.01773 18801
38 43.1926 -32.1988 6 33.7562 -1.22468 1048.44
38 43.1926 -32.1988 7 76.6273 -84.4602 3849.14
38 43.1926 -32.1988 8 -1.41628 -51.2216 2351.82
38 43.1926 -32.1988 9 66.0988 2.11186 1701.91
39 -93.2637 -30.6573 0 -32.4777 29.9531 7368.56
39 -93.2637 -30.6573 1 62.0892 -18.4719 24283
39 -93.2637 -30.6573 2 -59.8711 83.5531 14159.1
39 -93.2637 -30.6573 3 76.6124 93.2874 44220.2
39 -93.2637 -30.6573 4 64.8033 -15.4496 25216.5
39 -93.2637 -30.6573 5 -88.777 5.01773 1292.84
39 -93.2637 -30.6573 6 33.7562 -1.22468 17000.3
39 -93.2637 -30.6573 7 76.6273 -84.4602 31757.7
39 -93.2637 -30.6573 8 -1.41628 -51.2216 8858.84
39 -93.2637 -30.6573 9 66.0988 2.11186 26470.2
