-48.0402 8.27188 0 0
5.63104 87.9163 0 0
-8.49505 92.8865 0 0
-21.6155 -6.61752 0 0
8.83687 -61.8289 0 0
18.3728 65.3985 0 0
-23.0358 -16.2779 0 0
39.1187 56.9059 0 0
17.2932 -75.2179 0 0
48.8818 38.9892 0 0
-33.2827 18.4535 0 0
14.122 70.8805 0 0
-33.9157 -62.0441 0 0
-3.49069 66.1477 0 0
41.9478 91.4134 0 0
23.1622 -81.3903 0 0
47.9116 -90.3022 0 0
-4.62806 21.6216 0 0
6.31066 -88.9639 0 0
-35.2318 -85.3151 0 0
13.5605 -53.9143 0 0
29.7949 -62.9269 0 0
16.1085 44.3967 0 0
18.1916 10.7559 0 0
-11.9535 -5.03903 0 0
-36.5703 43.9741 0 0
31.0825 16.3393 0 0
-8.25923 -40.4426 0 0
-15.3263 -97.4718 0 0
3.37008 -63.8801 0 0
-36.844 71.6159 0 0
-29.1458 94.4167 0 0
44.0559 -56.2568 0 0
38.4785 57.1197 0 0
36.0927 11.8322 0 0
-15.3246 62.4552 0 0
2.63938 87.5257 0 0
-21.9393 -93.26 0 0
29.7984 -27.9518 0 0
35.0801 58.3195 0 0
-49.5433 -25.3403 0 0
0.0826589 -31.9609 0 0
-17.9565 -89.0469 0 0
-30.125 -0.587365 0 0
-22.3257 -96.6851 0 0
41.5375 -8.58755 0 0
-19.3462 19.5067 0 0
47.052 5.2116 0 0
-4.78983 66.3241 0 0
13.2536 -24.8809 0 0
-6.12803 -70.1614 0 0
18.6607 6.20536 0 0
28.3507 39.7051 0 0
33.0462 -17.5055 0 0
-36.7374 -99.4676 0 0
-43.1848 -92.6368 0 0
25.6935 -49.4169 0 0
18.8374 -95.1365 0 0
-42.9953 5.48219 0 0
-18.4593 -56.5237 0 0
28.566 -91.8703 0 0
37.6994 94.0547 0 0
26.608 14.3128 0 0
-48.098 -53.1566 0 0
-34.3123 -83.1132 0 0
-20.4319 -80.6122 0 0
-44.1794 -39.9899 0 0
-27.1051 -41.1078 0 0
-35.3927 62.2433 0 0
1.71031 -58.1378 0 0
15.8245 60.1261 0 0
-14.0353 93.8562 0 0
-22.5122 -50.8724 0 0
24.7879 -32.446 0 0
-14.9149 65.5066 0 0
14.6075 98.3378 0 0
-8.59521 99.9577 0 0
15.6892 -63.014 0 0
9.09096 95.1122 0 0
-45.0594 51.012 0 0
-14.6729 64.2155 0 0
-7.70223 -45.9783 0 0
-23.9571 -78.4357 0 0
2.25438 -19.46 0 0
39.2721 18.4664 0 0
-18.0033 -44.4999 0 0
15.216 65.9921 0 0
44.0714 70.4176 0 0
20.6381 7.15958 0 0
10.0619 44.7251 0 0
33.4187 -25.9116 0 0
45.8886 21.8824 0 0
33.6022 -51.4964 0 0
42.1497 35.4211 0 0
-33.4279 -1.38672 0 0
24.0118 20.1848 0 0
33.1352 -40.0667 0 0
43.4387 18.8436 0 0
18.7476 -37.668 0 0
-19.3401 -98.4449 0 0
-99.0201 37.3214 0 0
-72.1845 56.7014 0 0
-79.2475 66.0924 0 0
-85.8077 -73.4748 0 0
-70.5816 -86.3697 0 0
-65.8136 51.387 0 0
-86.5179 37.6748 0 0
-55.4407 -85.9906 0 0
-66.3534 -36.9186 0 0
-50.5591 57.1321 0 0
-91.6414 75.3989 0 0
-67.939 53.2159 0 0
-91.9578 -96.1959 0 0
-76.7453 -68.6246 0 0
-54.0261 -40.8638 0 0
-63.4189 -88.3588 0 0
-51.0442 -54.2102 0 0
-77.314 -70.7853 0 0
-71.8447 3.42062 0 0
-92.6159 31.6489 0 0
-68.2198 -28.0706 0 0
-60.1025 -45.0244 0 0
-66.9457 49.5759 0 0
-65.9042 -29.8298 0 0
-80.9767 29.2149 0 0
-93.2851 -17.1904 0 0
-59.4588 31.3784 0 0
-79.1296 18.1819 0 0
-82.6631 -90.1187 0 0
-73.315 -29.3458 0 0
-93.422 -15.4045 0 0
-89.5729 -47.9142 0 0
-52.972 4.50876 0 0
-55.7607 78.5442 0 0
-56.9537 -36.0066 0 0
-82.6623 30.4319 0 0
-73.6803 88.1428 0 0
-85.9697 41.2762 0 0
-60.1008 20.1238 0 0
-57.4599 66.8374 0 0
-99.7716 91.7772 0 0
-74.9587 67.2043 0 0
-83.9782 84.2994 0 0
-90.0625 -66.8558 0 0
-86.1629 48.0236 0 0
-54.2313 66.2704 0 0
-84.6731 86.8775 0 0
-51.474 37.4953 0 0
-77.3949 -38.6802 0 0
-68.3732 25.8202 0 0
50.9799 37.3214 0 0
77.8155 56.7014 0 0
70.7525 66.0924 0 0
64.1923 -73.4748 0 0
79.4184 -86.3697 0 0
84.1864 51.387 0 0
63.4821 37.6748 0 0
94.5593 -85.9906 0 0
83.6466 -36.9186 0 0
99.4409 57.1321 0 0
58.3586 75.3989 0 0
82.061 53.2159 0 0
58.0422 -96.1959 0 0
73.2547 -68.6246 0 0
95.9739 -40.8638 0 0
86.5811 -88.3588 0 0
98.9558 -54.2102 0 0
72.686 -70.7853 0 0
78.1553 3.42062 0 0
57.3841 31.6489 0 0
81.7802 -28.0706 0 0
89.8975 -45.0244 0 0
83.0543 49.5759 0 0
84.0958 -29.8298 0 0
69.0233 29.2149 0 0
56.7149 -17.1904 0 0
90.5412 31.3784 0 0
70.8704 18.1819 0 0
67.3369 -90.1187 0 0
76.685 -29.3458 0 0
56.578 -15.4045 0 0
60.4271 -47.9142 0 0
97.028 4.50876 0 0
94.2393 78.5442 0 0
93.0463 -36.0066 0 0
67.3377 30.4319 0 0
76.3197 88.1428 0 0
64.0303 41.2762 0 0
89.8992 20.1238 0 0
92.5401 66.8374 0 0
50.2284 91.7772 0 0
75.0413 67.2043 0 0
66.0218 84.2994 0 0
59.9375 -66.8558 0 0
63.8371 48.0236 0 0
95.7687 66.2704 0 0
65.3269 86.8775 0 0
98.526 37.4953 0 0
72.6051 -38.6802 0 0
81.6268 25.8202 0 0
