NumberAnchors 400 NumberNodes 1
0 -82.4191 48.3789 0 1.88945e-16 0 84.6693 56.9547 0 10000
1 94.7173 -82.8015 0 0.0040533 0 84.6693 56.9547 0 10000
2 5.97215 -51.727 0 9.30305e-13 0 84.6693 56.9547 0 10000
3 42.1798 78.0066 0 0.00150314 0 84.6693 56.9547 0 10000
4 59.5458 7.94632 0 0.0160648 0 84.6693 56.9547 0 10000
5 87.6764 -26.0646 0 0.0115309 0 84.6693 56.9547 0 10000
6 53.8708 -30.9747 0 0.00163606 0 84.6693 56.9547 0 10000
7 79.7355 89.4898 0 0.0734872 0 84.6693 56.9547 0 10000
8 -31.7315 28.3528 0 5.5699e-14 0 84.6693 56.9547 0 10000
9 -94.6776 -27.1076 0 9.89456e-18 0 84.6693 56.9547 0 10000
10 -45.9882 -10.6996 0 6.70651e-17 0 84.6693 56.9547 0 10000
11 -29.7445 -11.3532 0 3.8762e-15 0 84.6693 56.9547 0 10000
12 -47.1277 41.4764 0 1.34443e-15 0 84.6693 56.9547 0 10000
13 -51.8917 35.3165 0 4.91469e-16 0 84.6693 56.9547 0 10000
14 -70.605 58.9376 0 2.35289e-16 0 84.6693 56.9547 0 10000
15 83.4694 74.2243 0 0.265545 0 84.6693 56.9547 0 10000
16 -20.8239 7.05547 0 3.81309e-13 0 84.6693 56.9547 0 10000
17 56.9776 -47.7968 0 0.00160692 0 84.6693 56.9547 0 10000
18 43.9997 12.1935 0 0.00076085 0 84.6693 56.9547 0 10000
19 -97.824 2.83986 0 5.91006e-17 0 84.6693 56.9547 0 10000
20 -34.8071 90.5651 0 1.46454e-14 0 84.6693 56.9547 0 10000
21 16.9642 -63.4817 0 1.24654e-11 0 84.6693 56.9547 0 10000
22 -4.23626 -36.1882 0 2.7695e-13 0 84.6693 56.9547 0 10000
23 -38.7716 -73.9985 0 4.475e-20 0 84.6693 56.9547 0 10000
24 -72.1913 -90.4918 0 3.52768e-21 0 84.6693 56.9547 0 10000
25 -38.756 89.1633 0 5.05498e-15 0 84.6693 56.9547 0 10000
26 59.6274 42.2365 0 0.0716106 0 84.6693 56.9547 0 10000
27 -19.8001 5.61638 0 4.5892e-13 0 84.6693 56.9547 0 10000
28 -81.5241 62.0471 0 1.98212e-16 0 84.6693 56.9547 0 10000
29 70.5317 -3.69545 0 0.0197864 0 84.6693 56.9547 0 10000
30 -19.8367 22.8523 0 1.69526e-12 0 84.6693 56.9547 0 10000
31 -57.8408 -15.058 0 1.25084e-17 0 84.6693 56.9547 0 10000
32 60.4654 -43.7709 0 0.00342325 0 84.6693 56.9547 0 10000
33 5.22003 -92.4043 0 1.96823e-15 0 84.6693 56.9547 0 10000
34 -89.5629 -36.558 0 3.57919e-18 0 84.6693 56.9547 0 10000
35 -37.9119 -79.7987 0 2.13574e-20 0 84.6693 56.9547 0 10000
36 -94.4643 55.9137 0 1.77432e-16 0 84.6693 56.9547 0 10000
37 -96.8639 14.4591 0 7.71484e-17 0 84.6693 56.9547 0 10000
38 -19.7037 67.8196 0 4.31891e-12 0 84.6693 56.9547 0 10000
39 -2.54042 -48.2515 0 8.54712e-14 0 84.6693 56.9547 0 10000
40 -26.2037 47.3194 0 5.74662e-13 0 84.6693 56.9547 0 10000
41 -45.8956 -8.96671 0 8.24546e-17 0 84.6693 56.9547 0 10000
42 -41.4231 -72.6558 0 3.25275e-20 0 84.6693 56.9547 0 10000
43 -35.6888 33.1055 0 2.0677e-14 0 84.6693 56.9547 0 10000
44 -90.1151 -3.33538 0 4.72043e-17 0 84.6693 56.9547 0 10000
45 4.04659 -50.6154 0 5.52854e-13 0 84.6693 56.9547 0 10000
46 -33.2512 -27.639 0 1.85513e-16 0 84.6693 56.9547 0 10000
47 43.3268 -98.0734 0 2.45344e-07 0 84.6693 56.9547 0 10000
48 15.0257 -30.593 0 3.4076e-10 0 84.6693 56.9547 0 10000
49 -56.4163 76.2551 0 2.79996e-16 0 84.6693 56.9547 0 10000
50 61.2585 1.75476 0 0.0151278 0 84.6693 56.9547 0 10000
51 -21.3644 -87.7968 0 5.68849e-19 0 84.6693 56.9547 0 10000
52 -51.2177 -7.06579 0 4.64039e-17 0 84.6693 56.9547 0 10000
53 -50.0519 39.4994 0 7.35669e-16 0 84.6693 56.9547 0 10000
54 61.8864 70.7509 0 0.0933271 0 84.6693 56.9547 0 10000
55 13.3491 -85.5477 0 1.2636e-13 0 84.6693 56.9547 0 10000
56 -56.6824 69.7007 0 3.32878e-16 0 84.6693 56.9547 0 10000
57 32.189 -73.1172 0 3.43629e-09 0 84.6693 56.9547 0 10000
58 10.5548 -45.1621 0 1.12735e-11 0 84.6693 56.9547 0 10000
59 -92.3672 -4.03901 0 4.61739e-17 0 84.6693 56.9547 0 10000
60 8.45901 -46.9357 0 4.22343e-12 0 84.6693 56.9547 0 10000
61 10.5316 -5.68036 0 1.56172e-09 0 84.6693 56.9547 0 10000
62 -62.8178 50.9358 0 2.74653e-16 0 84.6693 56.9547 0 10000
63 -91.4936 -14.6402 0 2.46816e-17 0 84.6693 56.9547 0 10000
64 1.11772 -7.84152 0 6.3566e-11 0 84.6693 56.9547 0 10000
65 82.3501 -74.2621 0 0.00462036 0 84.6693 56.9547 0 10000
66 -13.2008 -60.544 0 4.93272e-16 0 84.6693 56.9547 0 10000
67 54.1616 72.1974 0 0.031686 0 84.6693 56.9547 0 10000
68 58.3171 -12.3968 0 0.00697935 0 84.6693 56.9547 0 10000
69 87.527 -90.1446 0 0.00367625 0 84.6693 56.9547 0 10000
70 -78.7132 48.7125 0 1.98024e-16 0 84.6693 56.9547 0 10000
71 97.8333 -30.4198 0 0.0101923 0 84.6693 56.9547 0 10000
72 46.8699 -79.3435 0 6.16594e-06 0 84.6693 56.9547 0 10000
73 58.5957 -46.1162 0 0.00235304 0 84.6693 56.9547 0 10000
74 73.8194 -37.4874 0 0.00872251 0 84.6693 56.9547 0 10000
75 19.4655 -48.4259 0 2.30286e-10 0 84.6693 56.9547 0 10000
76 -98.2483 -89.5441 0 4.2409e-20 0 84.6693 56.9547 0 10000
77 52.8446 62.3527 0 0.0329673 0 84.6693 56.9547 0 10000
78 80.4351 -2.51129 0 0.0223901 0 84.6693 56.9547 0 10000
79 78.7248 -22.1774 0 0.0126369 0 84.6693 56.9547 0 10000
80 -25.2581 -93.6425 0 6.73036e-20 0 84.6693 56.9547 0 10000
81 69.4532 45.2735 0 0.212226 0 84.6693 56.9547 0 10000
82 44.4053 -59.0015 0 8.38234e-06 0 84.6693 56.9547 0 10000
83 83.016 97.4549 0 0.0484343 0 84.6693 56.9547 0 10000
84 -28.4584 92.2832 0 9.10946e-14 0 84.6693 56.9547 0 10000
85 73.6111 -2.01664 0 0.0219536 0 84.6693 56.9547 0 10000
86 -56.9072 87.4218 0 1.64205e-16 0 84.6693 56.9547 0 10000
87 1.73095 13.5551 0 7.76636e-10 0 84.6693 56.9547 0 10000
88 84.939 -6.03716 0 0.0200545 0 84.6693 56.9547 0 10000
89 -45.4405 -37.8563 0 3.03095e-18 0 84.6693 56.9547 0 10000
90 88.3473 85.7458 0 0.0944594 0 84.6693 56.9547 0 10000
91 97.4634 13.1081 0 0.0381444 0 84.6693 56.9547 0 10000
92 18.5158 -79.7704 0 2.44616e-12 0 84.6693 56.9547 0 10000
93 84.3791 -54.5251 0 0.00640316 0 84.6693 56.9547 0 10000
94 -13.7545 -77.2882 0 3.2063e-17 0 84.6693 56.9547 0 10000
95 -3.18656 -76.7049 0 1.11353e-15 0 84.6693 56.9547 0 10000
96 16.9531 -34.6243 0 4.32761e-10 0 84.6693 56.9547 0 10000
97 -36.5395 50.5559 0 2.42606e-14 0 84.6693 56.9547 0 10000
98 -84.727 94.8734 0 6.62387e-17 0 84.6693 56.9547 0 10000
99 -31.3809 -45.6354 0 2.39597e-17 0 84.6693 56.9547 0 10000
100 -80.7089 -48.4318 0 7.88058e-19 0 84.6693 56.9547 0 10000
101 0.508199 -33.9806 0 1.66493e-12 0 84.6693 56.9547 0 10000
102 -84.8318 -13.5299 0 2.36517e-17 0 84.6693 56.9547 0 10000
103 50.0394 98.6553 0 0.00457336 0 84.6693 56.9547 0 10000
104 -8.02329 -18.4312 0 1.01407e-12 0 84.6693 56.9547 0 10000
105 18.9113 -41.2714 0 4.27575e-10 0 84.6693 56.9547 0 10000
106 -83.9315 -55.3804 0 4.74116e-19 0 84.6693 56.9547 0 10000
107 70.7653 35.6039 0 0.120897 0 84.6693 56.9547 0 10000
108 -92.8629 -8.14163 0 3.78201e-17 0 84.6693 56.9547 0 10000
109 99.566 73.582 0 0.159674 0 84.6693 56.9547 0 10000
110 0.894982 -1.36763 0 1.28738e-10 0 84.6693 56.9547 0 10000
111 48.9156 28.2825 0 0.00737717 0 84.6693 56.9547 0 10000
112 94.7665 -91.5006 0 0.00359413 0 84.6693 56.9547 0 10000
113 -99.3081 15.9647 0 7.83787e-17 0 84.6693 56.9547 0 10000
114 -79.746 -47.7543 0 8.01602e-19 0 84.6693 56.9547 0 10000
115 -82.9412 -79.0779 0 4.17433e-20 0 84.6693 56.9547 0 10000
116 22.985 -16.3464 0 3.12857e-08 0 84.6693 56.9547 0 10000
117 82.4345 -65.5438 0 0.00530132 0 84.6693 56.9547 0 10000
118 -93.1477 75.1698 0 1.31753e-16 0 84.6693 56.9547 0 10000
119 -0.957991 32.6394 0 1.17029e-09 0 84.6693 56.9547 0 10000
120 -53.3368 33.0957 0 3.77084e-16 0 84.6693 56.9547 0 10000
121 64.1529 80.6286 0 0.0702875 0 84.6693 56.9547 0 10000
122 88.0142 57.6388 0 6.82696 0 84.6693 56.9547 0 10000
123 -40.8664 49.2278 0 6.95325e-15 0 84.6693 56.9547 0 10000
124 0.252841 -32.6354 0 1.84392e-12 0 84.6693 56.9547 0 10000
125 43.8272 -54.0949 0 9.92426e-06 0 84.6693 56.9547 0 10000
126 -41.6244 8.13144 0 9.84564e-16 0 84.6693 56.9547 0 10000
127 54.0475 -9.45687 0 0.00388225 0 84.6693 56.9547 0 10000
128 -42.1579 41.7099 0 4.34982e-15 0 84.6693 56.9547 0 10000
129 16.8098 -1.07935 0 2.02704e-08 0 84.6693 56.9547 0 10000
130 -17.217 78.6213 0 6.66489e-12 0 84.6693 56.9547 0 10000
131 -36.2032 -56.5182 0 1.30101e-18 0 84.6693 56.9547 0 10000
132 2.58544 -72.747 0 1.48483e-14 0 84.6693 56.9547 0 10000
133 94.1747 -97.5071 0 0.00332281 0 84.6693 56.9547 0 10000
134 -83.3996 -14.9456 0 2.04574e-17 0 84.6693 56.9547 0 10000
135 72.4349 -46.2127 0 0.00717898 0 84.6693 56.9547 0 10000
136 -86.8902 -38.3806 0 2.716e-18 0 84.6693 56.9547 0 10000
137 3.37337 50.0415 0 7.89682e-09 0 84.6693 56.9547 0 10000
138 -70.9459 98.122 0 5.27191e-17 0 84.6693 56.9547 0 10000
139 -31.3866 -46.1842 0 2.20336e-17 0 84.6693 56.9547 0 10000
140 -39.5345 -12.9397 0 2.13838e-16 0 84.6693 56.9547 0 10000
141 68.7117 28.8979 0 0.0737987 0 84.6693 56.9547 0 10000
142 -35.5337 69.9863 0 2.85884e-14 0 84.6693 56.9547 0 10000
143 -15.1093 65.3828 0 1.96656e-11 0 84.6693 56.9547 0 10000
144 12.9842 10.3054 0 2.04452e-08 0 84.6693 56.9547 0 10000
145 -93.7789 -64.7985 0 3.25354e-19 0 84.6693 56.9547 0 10000
146 97.0838 -32.1443 0 0.00983317 0 84.6693 56.9547 0 10000
147 -51.6437 -28.1758 0 4.25452e-18 0 84.6693 56.9547 0 10000
148 -20.2781 -87.178 0 8.763e-19 0 84.6693 56.9547 0 10000
149 68.2612 -22.9223 0 0.0108434 0 84.6693 56.9547 0 10000
150 37.4959 10.6439 0 7.9584e-05 0 84.6693 56.9547 0 10000
151 24.4584 -60.8803 0 4.16322e-10 0 84.6693 56.9547 0 10000
152 -68.931 -37.844 0 1.29491e-18 0 84.6693 56.9547 0 10000
153 -99.137 -9.54015 0 3.6954e-17 0 84.6693 56.9547 0 10000
154 91.6621 29.065 0 0.0962547 0 84.6693 56.9547 0 10000
155 -47.961 33.3771 0 9.189e-16 0 84.6693 56.9547 0 10000
156 30.8056 -39.1391 0 8.85799e-08 0 84.6693 56.9547 0 10000
157 -37.1852 -59.0771 0 6.89114e-19 0 84.6693 56.9547 0 10000
158 57.8858 45.6643 0 0.0649056 0 84.6693 56.9547 0 10000
159 31.2419 -79.7369 0 9.14656e-10 0 84.6693 56.9547 0 10000
160 -38.5039 5.09132 0 1.68661e-15 0 84.6693 56.9547 0 10000
161 44.4357 -17.8894 0 0.000177352 0 84.6693 56.9547 0 10000
162 53.3533 -5.09718 0 0.00392829 0 84.6693 56.9547 0 10000
163 65.7458 -16.243 0 0.0116422 0 84.6693 56.9547 0 10000
164 -35.9829 5.92529 0 3.59368e-15 0 84.6693 56.9547 0 10000
165 -99.0357 99.7891 0 5.16853e-17 0 84.6693 56.9547 0 10000
166 69.88 63.6904 0 0.297075 0 84.6693 56.9547 0 10000
167 8.01937 -0.0764681 0 1.37851e-09 0 84.6693 56.9547 0 10000
168 -4.16827 40.5041 0 5.62127e-10 0 84.6693 56.9547 0 10000
169 -90.0086 81.3713 0 1.11914e-16 0 84.6693 56.9547 0 10000
170 -37.1509 -85.7196 0 9.61799e-21 0 84.6693 56.9547 0 10000
171 -10.6378 -58.5023 0 1.47867e-15 0 84.6693 56.9547 0 10000
172 7.46901 47.3167 0 2.8763e-08 0 84.6693 56.9547 0 10000
173 -74.1328 -92.0644 0 3.55308e-21 0 84.6693 56.9547 0 10000
174 54.432 71.9846 0 0.0334184 0 84.6693 56.9547 0 10000
175 -98.1332 -40.5184 0 3.44014e-18 0 84.6693 56.9547 0 10000
176 -74.7703 49.2797 0 2.09546e-16 0 84.6693 56.9547 0 10000
177 55.7911 62.1239 0 0.0548686 0 84.6693 56.9547 0 10000
178 39.9848 37.1352 0 0.00100001 0 84.6693 56.9547 0 10000
179 98.2611 8.41112 0 0.0313147 0 84.6693 56.9547 0 10000
180 33.4452 65.0246 0 0.000152374 0 84.6693 56.9547 0 10000
181 88.2151 -13.8668 0 0.015826 0 84.6693 56.9547 0 10000
182 43.0582 17.6048 0 0.000829885 0 84.6693 56.9547 0 10000
183 -33.4087 34.8913 0 4.37588e-14 0 84.6693 56.9547 0 10000
184 -40.0642 57.5996 0 9.03143e-15 0 84.6693 56.9547 0 10000
185 83.5603 -88.0331 0 0.00378531 0 84.6693 56.9547 0 10000
186 51.7555 -67.1811 0 0.000126315 0 84.6693 56.9547 0 10000
187 -32.8961 38.9916 0 5.85411e-14 0 84.6693 56.9547 0 10000
188 -18.4455 89.0446 0 2.56031e-12 0 84.6693 56.9547 0 10000
189 -45.0424 49.5784 0 2.42933e-15 0 84.6693 56.9547 0 10000
190 -47.6038 -46.8511 0 6.63592e-19 0 84.6693 56.9547 0 10000
191 -60.5634 15.1174 0 1.15836e-16 0 84.6693 56.9547 0 10000
192 -69.6592 93.7913 0 7.05762e-17 0 84.6693 56.9547 0 10000
193 86.5999 -91.8317 0 0.0035941 0 84.6693 56.9547 0 10000
194 -84.9325 -79.3643 0 4.69527e-20 0 84.6693 56.9547 0 10000
195 -27.4712 69.9403 0 3.48989e-13 0 84.6693 56.9547 0 10000
196 46.299 80.7943 0 0.00411718 0 84.6693 56.9547 0 10000
197 83.0348 83.4597 0 0.112847 0 84.6693 56.9547 0 10000
198 -28.9759 -73.0898 0 6.43196e-19 0 84.6693 56.9547 0 10000
199 79.9167 -7.30329 0 0.0191675 0 84.6693 56.9547 0 10000
200 -21.9962 63.2546 0 2.25751e-12 0 84.6693 56.9547 0 10000
201 26.2218 79.3269 0 8.04548e-06 0 84.6693 56.9547 0 10000
202 91.918 -38.0118 0 0.00877255 0 84.6693 56.9547 0 10000
203 -9.32735 42.8906 0 1.14647e-10 0 84.6693 56.9547 0 10000
204 88.568 91.2006 0 0.0669856 0 84.6693 56.9547 0 10000
205 95.4734 -53.1431 0 0.00650235 0 84.6693 56.9547 0 10000
206 -1.54643 3.69018 0 1.06152e-10 0 84.6693 56.9547 0 10000
207 -68.0815 -46.4612 0 5.01923e-19 0 84.6693 56.9547 0 10000
208 44.4356 -62.3252 0 6.30634e-06 0 84.6693 56.9547 0 10000
209 -97.6791 -67.6755 0 3.05897e-19 0 84.6693 56.9547 0 10000
210 -52.5831 94.2199 0 1.70701e-16 0 84.6693 56.9547 0 10000
211 58.6408 21.546 0 0.02598 0 84.6693 56.9547 0 10000
212 -92.5813 13.6498 0 7.79756e-17 0 84.6693 56.9547 0 10000
213 -90.6471 36.196 0 1.31461e-16 0 84.6693 56.9547 0 10000
214 -12.0438 -79.0674 0 4.19163e-17 0 84.6693 56.9547 0 10000
215 10.888 -0.510077 0 3.23166e-09 0 84.6693 56.9547 0 10000
216 60.3145 87.7019 0 0.0362195 0 84.6693 56.9547 0 10000
217 94.9635 47.0584 0 0.390265 0 84.6693 56.9547 0 10000
218 97.639 -29.5425 0 0.0104023 0 84.6693 56.9547 0 10000
219 84.228 -23.4062 0 0.0123222 0 84.6693 56.9547 0 10000
220 19.2758 -80.2722 0 3.13054e-12 0 84.6693 56.9547 0 10000
221 21.2141 -92.5269 0 1.21391e-12 0 84.6693 56.9547 0 10000
222 57.3405 35.8834 0 0.0425602 0 84.6693 56.9547 0 10000
223 -45.5194 -4.20584 0 1.4523e-16 0 84.6693 56.9547 0 10000
224 -87.7514 -53.8385 0 6.65352e-19 0 84.6693 56.9547 0 10000
225 56.9391 -77.1333 0 0.000567952 0 84.6693 56.9547 0 10000
226 0.458052 1.46641 0 1.54957e-10 0 84.6693 56.9547 0 10000
227 -5.08399 -95.4243 0 3.17736e-17 0 84.6693 56.9547 0 10000
228 59.4428 -45.557 0 0.0027696 0 84.6693 56.9547 0 10000
229 -16.2561 -95.3689 0 8.1822e-19 0 84.6693 56.9547 0 10000
230 27.9623 -85.6049 0 7.98515e-11 0 84.6693 56.9547 0 10000
231 -53.3253 -36.8869 0 1.39746e-18 0 84.6693 56.9547 0 10000
232 48.8402 30.7923 0 0.00819311 0 84.6693 56.9547 0 10000
233 84.9554 -30.2634 0 0.010461 0 84.6693 56.9547 0 10000
234 27.326 44.7186 0 1.94311e-05 0 84.6693 56.9547 0 10000
235 -6.00064 32.7171 0 2.32531e-10 0 84.6693 56.9547 0 10000
236 -98.0636 -99.3588 0 1.5431e-20 0 84.6693 56.9547 0 10000
237 -97.1458 -45.9008 0 2.05833e-18 0 84.6693 56.9547 0 10000
238 97.1857 -0.567479 0 0.022963 0 84.6693 56.9547 0 10000
239 97.896 24.5575 0 0.0649864 0 84.6693 56.9547 0 10000
240 99.4954 45.2962 0 0.2237 0 84.6693 56.9547 0 10000
241 -10.4639 71.5588 0 7.4749e-11 0 84.6693 56.9547 0 10000
242 42.618 -77.0545 0 6.5963e-07 0 84.6693 56.9547 0 10000
243 -80.1786 -73.5548 0 6.13376e-20 0 84.6693 56.9547 0 10000
244 -85.242 51.2883 0 1.91087e-16 0 84.6693 56.9547 0 10000
245 -39.5943 -68.1813 0 9.52502e-20 0 84.6693 56.9547 0 10000
246 54.1766 52.9617 0 0.0426812 0 84.6693 56.9547 0 10000
247 23.2622 -9.25277 0 7.34636e-08 0 84.6693 56.9547 0 10000
248 -76.0376 80.2478 0 1.28504e-16 0 84.6693 56.9547 0 10000
249 -40.7217 -70.7863 0 5.00493e-20 0 84.6693 56.9547 0 10000
250 -28.2591 -2.1294 0 1.64017e-14 0 84.6693 56.9547 0 10000
251 25.077 44.0299 0 9.01039e-06 0 84.6693 56.9547 0 10000
252 -10.9014 -85.8515 0 2.09393e-17 0 84.6693 56.9547 0 10000
253 25.0794 -50.182 0 2.02505e-09 0 84.6693 56.9547 0 10000
254 89.5071 10.761 0 0.0368882 0 84.6693 56.9547 0 10000
255 34.0029 80.1876 0 0.000102428 0 84.6693 56.9547 0 10000
256 76.1533 -63.3184 0 0.0054682 0 84.6693 56.9547 0 10000
257 38.3825 -75.8846 0 6.76289e-08 0 84.6693 56.9547 0 10000
258 83.3871 -65.2233 0 0.00533036 0 84.6693 56.9547 0 10000
259 58.9619 -73.1404 0 0.00107725 0 84.6693 56.9547 0 10000
260 -25.9887 -19.6792 0 4.19758e-15 0 84.6693 56.9547 0 10000
261 -21.5511 10.6414 0 4.14701e-13 0 84.6693 56.9547 0 10000
262 73.2519 -23.182 0 0.0120001 0 84.6693 56.9547 0 10000
263 8.07142 11.3216 0 4.72285e-09 0 84.6693 56.9547 0 10000
264 47.9485 76.8867 0 0.0074027 0 84.6693 56.9547 0 10000
265 86.377 -43.2587 0 0.00792158 0 84.6693 56.9547 0 10000
266 19.3581 -16.15 0 8.57222e-09 0 84.6693 56.9547 0 10000
267 -57.3205 -39.1551 0 9.10993e-19 0 84.6693 56.9547 0 10000
268 -2.65726 -32.8381 0 7.22674e-13 0 84.6693 56.9547 0 10000
269 -36.3279 -84.2734 0 1.48674e-20 0 84.6693 56.9547 0 10000
270 -96.3148 0.0901749 0 5.47046e-17 0 84.6693 56.9547 0 10000
271 -0.603467 -25.7101 0 3.63684e-12 0 84.6693 56.9547 0 10000
272 -20.784 85.2619 0 1.54416e-12 0 84.6693 56.9547 0 10000
273 53.3106 -50.6308 0 0.000546468 0 84.6693 56.9547 0 10000
274 98.4271 41.4433 0 0.185115 0 84.6693 56.9547 0 10000
275 -65.1518 38.0753 0 1.85809e-16 0 84.6693 56.9547 0 10000
276 -40.1404 -87.0238 0 4.06646e-21 0 84.6693 56.9547 0 10000
277 -35.2604 -41.9113 0 1.49656e-17 0 84.6693 56.9547 0 10000
278 40.0854 -34.2908 0 9.94909e-06 0 84.6693 56.9547 0 10000
279 -14.6001 -53.1686 0 9.85265e-16 0 84.6693 56.9547 0 10000
280 39.5052 39.1375 0 0.000916097 0 84.6693 56.9547 0 10000
281 4.65803 -82.3468 0 7.55883e-15 0 84.6693 56.9547 0 10000
282 -25.152 -10.1888 0 1.72451e-14 0 84.6693 56.9547 0 10000
283 -14.4498 83.5437 0 1.25193e-11 0 84.6693 56.9547 0 10000
284 -35.7743 -81.4779 0 2.68955e-20 0 84.6693 56.9547 0 10000
285 48.7148 -72.4573 0 2.39362e-05 0 84.6693 56.9547 0 10000
286 -84.7975 64.4069 0 1.84708e-16 0 84.6693 56.9547 0 10000
287 40.1432 60.3614 0 0.00137967 0 84.6693 56.9547 0 10000
288 4.2315 62.4793 0 1.04147e-08 0 84.6693 56.9547 0 10000
289 85.8088 9.83506 0 0.0358205 0 84.6693 56.9547 0 10000
290 42.2728 -95.2188 0 1.42275e-07 0 84.6693 56.9547 0 10000
291 81.7452 78.6301 0 0.16635 0 84.6693 56.9547 0 10000
292 -78.9903 -20.5756 0 1.10087e-17 0 84.6693 56.9547 0 10000
293 -24.0436 -44.1843 0 2.357e-16 0 84.6693 56.9547 0 10000
294 -88.7479 -60.7878 0 3.63956e-19 0 84.6693 56.9547 0 10000
295 -59.7311 75.9341 0 2.19706e-16 0 84.6693 56.9547 0 10000
296 -69.5996 -73.6654 0 2.60137e-20 0 84.6693 56.9547 0 10000
297 -31.479 -37.7914 0 7.3889e-17 0 84.6693 56.9547 0 10000
298 91.5511 69.504 0 0.388481 0 84.6693 56.9547 0 10000
299 -58.5312 32.0004 0 2.16019e-16 0 84.6693 56.9547 0 10000
300 -46.1989 27.5217 0 1.07615e-15 0 84.6693 56.9547 0 10000
301 77.3331 -95.5034 0 0.00341574 0 84.6693 56.9547 0 10000
302 65.6155 -58.0736 0 0.00419115 0 84.6693 56.9547 0 10000
303 66.8456 -59.5321 0 0.00447847 0 84.6693 56.9547 0 10000
304 -16.2183 43.4339 0 1.28062e-11 0 84.6693 56.9547 0 10000
305 29.7742 42.0407 0 4.15534e-05 0 84.6693 56.9547 0 10000
306 81.591 -18.7635 0 0.0138571 0 84.6693 56.9547 0 10000
307 -30.8097 -74.7959 0 2.92112e-19 0 84.6693 56.9547 0 10000
308 22.5987 16.0005 0 8.09174e-07 0 84.6693 56.9547 0 10000
309 3.17321 18.3704 0 1.83281e-09 0 84.6693 56.9547 0 10000
310 37.4411 17.2949 0 0.000134219 0 84.6693 56.9547 0 10000
311 15.3951 -7.84399 0 5.81491e-09 0 84.6693 56.9547 0 10000
312 -66.0756 -50.534 0 2.93003e-19 0 84.6693 56.9547 0 10000
313 46.567 -83.7143 0 4.11926e-06 0 84.6693 56.9547 0 10000
314 -93.5813 80.6282 0 1.11805e-16 0 84.6693 56.9547 0 10000
315 13.6761 -90.5409 0 6.73839e-14 0 84.6693 56.9547 0 10000
316 -64.5597 -53.0977 0 2.04304e-19 0 84.6693 56.9547 0 10000
317 -41.6655 90.4928 0 2.10609e-15 0 84.6693 56.9547 0 10000
318 -25.2256 67.7319 0 7.48094e-13 0 84.6693 56.9547 0 10000
319 -82.0736 -22.0297 0 1.06058e-17 0 84.6693 56.9547 0 10000
320 47.1956 93.451 0 0.00285946 0 84.6693 56.9547 0 10000
321 55.7724 -22.7157 0 0.00335656 0 84.6693 56.9547 0 10000
322 3.17752 99.3714 0 1.0357e-09 0 84.6693 56.9547 0 10000
323 -80.4861 -60.3709 0 2.39924e-19 0 84.6693 56.9547 0 10000
324 -34.7635 29.787 0 2.37875e-14 0 84.6693 56.9547 0 10000
325 33.2387 -73.5794 0 5.54802e-09 0 84.6693 56.9547 0 10000
326 -80.7925 -1.61462 0 4.88837e-17 0 84.6693 56.9547 0 10000
327 41.0037 -88.3975 0 1.00731e-07 0 84.6693 56.9547 0 10000
328 -14.0182 -86.8723 0 6.52744e-18 0 84.6693 56.9547 0 10000
329 31.6973 -60.627 0 1.244e-08 0 84.6693 56.9547 0 10000
330 -53.5154 21.8776 0 2.55468e-16 0 84.6693 56.9547 0 10000
331 50.7409 -52.3133 0 0.000210139 0 84.6693 56.9547 0 10000
332 -3.16489 17.5742 0 2.29381e-10 0 84.6693 56.9547 0 10000
333 -61.6152 25.3209 0 1.49429e-16 0 84.6693 56.9547 0 10000
334 -18.8102 11.4256 0 1.03649e-12 0 84.6693 56.9547 0 10000
335 -68.6566 -54.5342 0 2.15563e-19 0 84.6693 56.9547 0 10000
336 24.4021 -22.3152 0 2.92912e-08 0 84.6693 56.9547 0 10000
337 -51.2876 -18.9165 0 1.23414e-17 0 84.6693 56.9547 0 10000
338 72.4486 62.5811 0 0.437874 0 84.6693 56.9547 0 10000
339 -16.353 -66.6888 0 7.34771e-17 0 84.6693 56.9547 0 10000
340 96.0566 -34.5629 0 0.00935639 0 84.6693 56.9547 0 10000
341 39.3891 59.374 0 0.00110319 0 84.6693 56.9547 0 10000
342 29.3818 16.6744 0 8.38394e-06 0 84.6693 56.9547 0 10000
343 -16.9254 2.33064 0 8.08548e-13 0 84.6693 56.9547 0 10000
344 21.7458 -78.8926 0 1.10716e-11 0 84.6693 56.9547 0 10000
345 -19.1118 -97.186 0 2.46653e-19 0 84.6693 56.9547 0 10000
346 64.7469 -90.9768 0 0.00226434 0 84.6693 56.9547 0 10000
347 27.1124 1.87493 0 9.14917e-07 0 84.6693 56.9547 0 10000
348 -45.7907 5.80089 0 3.3708e-16 0 84.6693 56.9547 0 10000
349 -68.1449 0.920429 0 5.22015e-17 0 84.6693 56.9547 0 10000
350 5.57959 62.8865 0 1.60465e-08 0 84.6693 56.9547 0 10000
351 92.4745 89.8756 0 0.0695181 0 84.6693 56.9547 0 10000
352 -63.3571 -55.612 0 1.44421e-19 0 84.6693 56.9547 0 10000
353 -27.3656 -38.428 0 2.12909e-16 0 84.6693 56.9547 0 10000
354 -98.4152 -54.9496 0 9.80066e-19 0 84.6693 56.9547 0 10000
355 60.7127 50.053 0 0.104405 0 84.6693 56.9547 0 10000
356 60.8017 -90.0137 0 0.00122762 0 84.6693 56.9547 0 10000
357 49.6834 -96.3827 0 1.54526e-05 0 84.6693 56.9547 0 10000
358 76.2083 74.1257 0 0.217169 0 84.6693 56.9547 0 10000
359 -82.3213 7.5746 0 7.11018e-17 0 84.6693 56.9547 0 10000
360 38.1165 45.7926 0 0.000688712 0 84.6693 56.9547 0 10000
361 71.7977 -79.2949 0 0.00407485 0 84.6693 56.9547 0 10000
362 -98.2874 -90.8864 0 3.73534e-20 0 84.6693 56.9547 0 10000
363 -61.4808 55.8666 0 3.02003e-16 0 84.6693 56.9547 0 10000
364 -37.5828 -94.9488 0 1.85113e-21 0 84.6693 56.9547 0 10000
365 -46.7595 32.4523 0 1.14076e-15 0 84.6693 56.9547 0 10000
366 17.2456 -0.136426 0 2.60031e-08 0 84.6693 56.9547 0 10000
367 13.9966 45.3632 0 2.34752e-07 0 84.6693 56.9547 0 10000
368 33.2825 24.2251 0 5.79327e-05 0 84.6693 56.9547 0 10000
369 -40.644 79.7835 0 4.801e-15 0 84.6693 56.9547 0 10000
370 23.7521 6.7373 0 4.74234e-07 0 84.6693 56.9547 0 10000
371 54.9168 85.544 0 0.0201681 0 84.6693 56.9547 0 10000
372 -26.6546 86.9343 0 2.22833e-13 0 84.6693 56.9547 0 10000
373 -8.55207 22.3485 0 5.80557e-11 0 84.6693 56.9547 0 10000
374 -27.6572 10.1081 0 6.01232e-14 0 84.6693 56.9547 0 10000
375 -60.7249 43.1403 0 2.54837e-16 0 84.6693 56.9547 0 10000
376 -23.3798 -37.4314 0 7.727e-16 0 84.6693 56.9547 0 10000
377 90.1434 81.528 0 0.125554 0 84.6693 56.9547 0 10000
378 45.2367 94.0484 0 0.00163129 0 84.6693 56.9547 0 10000
379 -22.5619 -41.2914 0 5.56225e-16 0 84.6693 56.9547 0 10000
380 90.3609 26.8179 0 0.0846008 0 84.6693 56.9547 0 10000
381 57.0081 38.5691 0 0.0453814 0 84.6693 56.9547 0 10000
382 -40.7118 34.8182 0 5.29942e-15 0 84.6693 56.9547 0 10000
383 -19.5053 2.75778 0 3.82545e-13 0 84.6693 56.9547 0 10000
384 -86.6169 -1.81489 0 4.99163e-17 0 84.6693 56.9547 0 10000
385 50.9918 -71.0954 0 7.45243e-05 0 84.6693 56.9547 0 10000
386 77.6072 16.2908 0 0.0467161 0 84.6693 56.9547 0 10000
387 7.40375 86.2721 0 1.11135e-08 0 84.6693 56.9547 0 10000
388 20.2368 -42.3648 0 6.43373e-10 0 84.6693 56.9547 0 10000
389 24.9442 35.1578 0 6.49346e-06 0 84.6693 56.9547 0 10000
390 -38.5053 -59.2266 0 4.97191e-19 0 84.6693 56.9547 0 10000
391 23.8078 59.4579 0 6.65365e-06 0 84.6693 56.9547 0 10000
392 -6.64607 -69.5228 0 1.02858e-15 0 84.6693 56.9547 0 10000
393 29.6032 -44.2708 0 2.9932e-08 0 84.6693 56.9547 0 10000
394 -37.3082 69.2263 0 1.71716e-14 0 84.6693 56.9547 0 10000
395 48.3512 93.5878 0 0.00380666 0 84.6693 56.9547 0 10000
396 64.3995 -82.4524 0 0.00242489 0 84.6693 56.9547 0 10000
397 -28.1076 -33.7804 0 3.36613e-16 0 84.6693 56.9547 0 10000
398 38.6811 21.6454 0 0.000283588 0 84.6693 56.9547 0 10000
399 -10.4353 15.6589 0 1.99362e-11 0 84.6693 56.9547 0 10000
