NumberAnchors 10 NumberNodes 1
0 -80.5461 54.8929 0 -41.3244 0 -1.03956 -11.9952 0 20
1 82.3151 -87.8146 0 -42.029 0 -1.03956 -11.9952 0 20
2 -97.6337 -5.36375 0 -40.7115 0 -1.03956 -11.9952 0 20
3 -81.0673 -69.6039 0 -40.8702 0 -1.03956 -11.9952 0 20
4 82.8695 -78.4326 0 -41.5819 0 -1.03956 -11.9952 0 20
5 81.8437 88.7963 0 -43.3039 0 -1.03956 -11.9952 0 20
6 88.8316 -57.0469 0 -41.0381 0 -1.03956 -11.9952 0 20
7 -99.8795 1.90002 0 -40.9757 0 -1.03956 -11.9952 0 20
8 -44.8163 90.4691 0 -41.9317 0 -1.03956 -11.9952 0 20
9 89.3291 -48.0523 0 -40.754 0 -1.03956 -11.9952 0 20
