NumberAnchors 10 NumberNodes 1
0 13.7478 89.1754 0 7.54924e-17 0 -57.2424 2.57537 0 10000
1 67.3081 -13.6727 0 1.21346e-15 0 -57.2424 2.57537 0 10000
2 -44.8256 30.5345 0 7.919e-05 0 -57.2424 2.57537 0 10000
3 23.2198 94.5649 0 2.85553e-18 0 -57.2424 2.57537 0 10000
4 34.5906 -18.8814 0 3.30418e-14 0 -57.2424 2.57537 0 10000
5 74.8501 -84.2139 0 6.00103e-20 0 -57.2424 2.57537 0 10000
6 -51.0317 63.1423 0 1.71493e-06 0 -57.2424 2.57537 0 10000
7 55.6519 -80.3872 0 6.381e-20 0 -57.2424 2.57537 0 10000
8 29.6183 39.6051 0 2.06865e-14 0 -57.2424 2.57537 0 10000
9 -82.0602 23.4467 0 0.0416021 0 -57.2424 2.57537 0 10000
