12.0101 65.5602 0 0.15
11.4352 37.18 0 0.15
2.10317 -73.0862 0 0.15
-31.9019 -11.3045 0 0.15
-42.2629 -8.68045 0 0.15
23.4723 -95.379 0 0.15
-38.529 69.2923 0 0.15
48.7849 32.8149 0 0.15
16.0272 -51.355 0 0.15
4.30945 -41.6732 0 0.15
-21.6533 -37.6877 0 0.15
-4.56473 -34.6336 0 0.15
8.88652 75.1234 0 0.15
14.2691 81.5905 0 0.15
36.7296 13.6093 0 0.15
29.6466 47.3764 0 0.15
15.6763 -97.5807 0 0.15
36.0612 6.63864 0 0.15
1.47443 94.8218 0 0.15
23.4022 -20.2244 0 0.15
41.2973 -63.6547 0 0.15
-38.2732 53.9701 0 0.15
27.6276 -94.2064 0 0.15
-43.7913 -0.702412 0 0.15
26.1065 -6.77667 0 0.15
-12.2194 47.7093 0 0.15
38.233 56.3896 0 0.15
3.56674 -62.1485 0 0.15
44.1556 -69.1171 0 0.15
1.31742 39.0531 0 0.15
-7.16995 95.8108 0 0.15
-8.61722 -65.1403 0 0.15
-33.5581 -84.9577 0 0.15
9.84528 45.7141 0 0.15
23.4968 72.7348 0 0.15
15.209 -35.6353 0 0.15
-10.6918 -10.9076 0 0.15
14.6178 -29.4486 0 0.15
-31.5228 75.5519 0 0.15
-11.6464 28.7143 0 0.15
8.7498 58.9228 0 0.15
-43.5617 86.6191 0 0.15
-16.4328 -19.321 0 0.15
6.66722 63.3798 0 0.15
-43.2398 67.6044 0 0.15
-15.7398 -27.9015 0 0.15
-10.4153 84.0086 0 0.15
13.9811 -22.8836 0 0.15
17.9945 49.3872 0 0.15
-11.8881 63.1756 0 0.15
-32.9919 -8.70883 0 0.15
24.0505 -8.18848 0 0.15
46.0401 -69.7471 0 0.15
47.1531 60 0 0.15
7.95623 -67.2009 0 0.15
7.18087 -26.7518 0 0.15
-28.3395 -71.4015 0 0.15
5.52898 -59.0491 0 0.15
14.8599 -54.6585 0 0.15
34.2463 -45.8772 0 0.15
-9.6735 47.655 0 0.15
14.4033 -81.7149 0 0.15
6.38601 -97.5694 0 0.15
-29.1901 -33.0675 0 0.15
-31.1687 73.2593 0 0.15
11.4592 24.9502 0 0.15
-17.811 -12.1932 0 0.15
34.8729 -33.4953 0 0.15
-5.57922 -87.9468 0 0.15
-13.5125 -55.7163 0 0.15
6.01497 54.6293 0 0.15
-7.08843 33.2674 0 0.15
-40.5057 -48.1943 0 0.15
18.7072 60.1446 0 0.15
-25.0328 78.4675 0 0.15
18.2471 -72.0073 0 0.15
-25.2088 -77.9486 0 0.15
32.0174 -87.9884 0 0.15
8.80497 -33.751 0 0.15
-43.4164 71.6115 0 0.15
-22.5188 82.614 0 0.15
-1.46522 -60.841 0 0.15
-29.2542 -78.342 0 0.15
-7.13413 31.3685 0 0.15
14.6584 12.9379 0 0.15
3.03023 -39.9291 0 0.15
-23.3709 36.4223 0 0.15
-0.839288 51.7047 0 0.15
27.045 52.1065 0 0.15
5.37933 -54.5877 0 0.15
-5.03662 2.52517 0 0.15
-26.3303 6.10944 0 0.15
-24.0532 17.954 0 0.15
-12.0237 1.23006 0 0.15
-40.5998 42.2019 0 0.15
-30.814 72.4756 0 0.15
19.0403 -61.0959 0 0.15
-34.7136 92.3969 0 0.15
-8.54783 13.9798 0 0.15
31.1064 1.63181 0 0.15
-68.995 48.1011 0 0.15
-69.2824 92.0803 0 0.15
-73.9484 94.3063 0 0.15
-90.9509 15.9125 0 0.15
-96.1314 14.3617 0 0.15
-63.2639 -56.6791 0 0.15
-94.2645 11.058 0 0.15
-50.6075 29.7198 0 0.15
-66.9864 68.4926 0 0.15
-72.8453 -19.347 0 0.15
-85.8266 28.8067 0 0.15
-77.2824 12.772 0 0.15
-70.5567 -58.3803 0 0.15
-67.8655 -62.3375 0 0.15
-56.6352 22.9183 0 0.15
-60.1767 -35.6219 0 0.15
-67.1619 69.7457 0 0.15
-56.9694 -11.1584 0 0.15
-74.2628 -27.0249 0 0.15
-63.2989 12.0299 0 0.15
-54.3513 -14.1769 0 0.15
-94.1366 -81.0114 0 0.15
-61.1862 37.4144 0 0.15
-96.8957 -50.0657 0 0.15
-61.9467 36.4942 0 0.15
-81.1097 -50.4176 0 0.15
-55.8835 64.0347 0 0.15
-73.2166 17.6099 0 0.15
-52.9222 -86.8328 0 0.15
-74.3413 -45.0375 0 0.15
-78.585 -2.93044 0 0.15
-79.3086 -58.5083 0 0.15
-91.779 -14.2683 0 0.15
-70.0774 29.3167 0 0.15
-63.2516 6.06045 0 0.15
-67.3955 -46.7418 0 0.15
-80.3459 -1.67858 0 0.15
-67.6911 54.09 0 0.15
-90.7614 10.7587 0 0.15
-80.8232 -10.0732 0 0.15
-70.6251 -52.6607 0 0.15
-96.7809 -48.1063 0 0.15
-83.2164 -24.0475 0 0.15
-71.6664 -81.1995 0 0.15
-96.6199 -61.628 0 0.15
-82.8699 38.0806 0 0.15
-80.2076 -69.4272 0 0.15
-68.0094 -17.0957 0 0.15
-66.0028 62.2127 0 0.15
-80.944 -99.6464 0 0.15
81.005 48.1011 0 0.15
80.7176 92.0803 0 0.15
76.0516 94.3063 0 0.15
59.0491 15.9125 0 0.15
53.8686 14.3617 0 0.15
86.7361 -56.6791 0 0.15
55.7355 11.058 0 0.15
99.3925 29.7198 0 0.15
83.0136 68.4926 0 0.15
77.1547 -19.347 0 0.15
64.1734 28.8067 0 0.15
72.7176 12.772 0 0.15
79.4433 -58.3803 0 0.15
82.1345 -62.3375 0 0.15
93.3648 22.9183 0 0.15
89.8233 -35.6219 0 0.15
82.8381 69.7457 0 0.15
93.0306 -11.1584 0 0.15
75.7372 -27.0249 0 0.15
86.7011 12.0299 0 0.15
95.6487 -14.1769 0 0.15
55.8634 -81.0114 0 0.15
88.8138 37.4144 0 0.15
53.1043 -50.0657 0 0.15
88.0533 36.4942 0 0.15
68.8903 -50.4176 0 0.15
94.1165 64.0347 0 0.15
76.7834 17.6099 0 0.15
97.0778 -86.8328 0 0.15
75.6587 -45.0375 0 0.15
71.415 -2.93044 0 0.15
70.6914 -58.5083 0 0.15
58.221 -14.2683 0 0.15
79.9226 29.3167 0 0.15
86.7484 6.06045 0 0.15
82.6045 -46.7418 0 0.15
69.6541 -1.67858 0 0.15
82.3089 54.09 0 0.15
59.2386 10.7587 0 0.15
69.1768 -10.0732 0 0.15
79.3749 -52.6607 0 0.15
53.2191 -48.1063 0 0.15
66.7836 -24.0475 0 0.15
78.3336 -81.1995 0 0.15
53.3801 -61.628 0 0.15
67.1301 38.0806 0 0.15
69.7924 -69.4272 0 0.15
81.9906 -17.0957 0 0.15
83.9972 62.2127 0 0.15
69.056 -99.6464 0 0.15
