NumberAnchors 40 NumberNodes 10
0 -10.5936 -30.6854 0 -32.4777 29.9531 8325.07
0 -10.5936 -30.6854 1 62.0892 -18.4719 533.115
0 -10.5936 -30.6854 2 -59.8711 83.5531 23823.8
0 -10.5936 -30.6854 3 76.6124 93.2874 66284
0 -10.5936 -30.6854 4 64.8033 -15.4496 16854.7
0 -10.5936 -30.6854 5 -88.777 5.01773 3635.95
0 -10.5936 -30.6854 6 33.7562 -1.22468 3507.15
0 -10.5936 -30.6854 7 76.6273 -84.4602 5198.94
0 -10.5936 -30.6854 8 -1.41628 -51.2216 589.853
0 -10.5936 -30.6854 9 66.0988 2.11186 14806
1 -31.7546 85.8353 0 -32.4777 29.9531 2687.34
1 -31.7546 85.8353 1 62.0892 -18.4719 28262
1 -31.7546 85.8353 2 -59.8711 83.5531 622.539
1 -31.7546 85.8353 3 76.6124 93.2874 19016.5
1 -31.7546 85.8353 4 64.8033 -15.4496 47358.3
1 -31.7546 85.8353 5 -88.777 5.01773 18953.7
1 -31.7546 85.8353 6 33.7562 -1.22468 28737.7
1 -31.7546 85.8353 7 76.6273 -84.4602 24839.7
1 -31.7546 85.8353 8 -1.41628 -51.2216 5197.97
1 -31.7546 85.8353 9 66.0988 2.11186 22785
2 90.7415 33.5686 0 -32.4777 29.9531 15623.8
2 90.7415 33.5686 1 62.0892 -18.4719 6441.66
2 90.7415 33.5686 2 -59.8711 83.5531 29511.2
2 90.7415 33.5686 3 76.6124 93.2874 1474.35
2 90.7415 33.5686 4 64.8033 -15.4496 2129.76
2 90.7415 33.5686 5 -88.777 5.01773 35912.6
2 90.7415 33.5686 6 33.7562 -1.22468 3057.34
2 90.7415 33.5686 7 76.6273 -84.4602 41098.2
2 90.7415 33.5686 8 -1.41628 -51.2216 7287.23
2 90.7415 33.5686 9 66.0988 2.11186 1246.2
3 18.8586 28.6847 0 -32.4777 29.9531 6441
3 18.8586 28.6847 1 62.0892 -18.4719 4715.26
3 18.8586 28.6847 2 -59.8711 83.5531 24479.5
3 18.8586 28.6847 3 76.6124 93.2874 0
3 18.8586 28.6847 4 64.8033 -15.4496 10081.3
3 18.8586 28.6847 5 -88.777 5.01773 14018.7
3 18.8586 28.6847 6 33.7562 -1.22468 2111.72
3 18.8586 28.6847 7 76.6273 -84.4602 913.071
3 18.8586 28.6847 8 -1.41628 -51.2216 17847.4
3 18.8586 28.6847 9 66.0988 2.11186 1.91467
4 52.156 81.3798 0 -32.4777 29.9531 15926.1
4 52.156 81.3798 1 62.0892 -18.4719 21477.8
4 52.156 81.3798 2 -59.8711 83.5531 87.941
4 52.156 81.3798 3 76.6124 93.2874 1880.05
4 52.156 81.3798 4 64.8033 -15.4496 2765.76
4 52.156 81.3798 5 -88.777 5.01773 8590.72
4 52.156 81.3798 6 33.7562 -1.22468 2335.93
4 52.156 81.3798 7 76.6273 -84.4602 32039
4 52.156 81.3798 8 -1.41628 -51.2216 15287
4 52.156 81.3798 9 66.0988 2.11186 10172.6
5 81.4165 20.4773 0 -32.4777 29.9531 69.313
5 81.4165 20.4773 1 62.0892 -18.4719 671.066
5 81.4165 20.4773 2 -59.8711 83.5531 25321.2
5 81.4165 20.4773 3 76.6124 93.2874 6135.7
5 81.4165 20.4773 4 64.8033 -15.4496 4488.08
5 81.4165 20.4773 5 -88.777 5.01773 30893.9
5 81.4165 20.4773 6 33.7562 -1.22468 682.521
5 81.4165 20.4773 7 76.6273 -84.4602 2203.81
5 81.4165 20.4773 8 -1.41628 -51.2216 6870.25
5 81.4165 20.4773 9 66.0988 2.11186 505.322
6 -60.2514 -85.9563 0 -32.4777 29.9531 0
6 -60.2514 -85.9563 1 62.0892 -18.4719 18041.3
6 -60.2514 -85.9563 2 -59.8711 83.5531 19157.6
6 -60.2514 -85.9563 3 76.6124 93.2874 36434.4
6 -60.2514 -85.9563 4 64.8033 -15.4496 34564.4
6 -60.2514 -85.9563 5 -88.777 5.01773 12293.4
6 -60.2514 -85.9563 6 33.7562 -1.22468 1789.85
6 -60.2514 -85.9563 7 76.6273 -84.4602 23533.3
6 -60.2514 -85.9563 8 -1.41628 -51.2216 2485.09
6 -60.2514 -85.9563 9 66.0988 2.11186 38418.8
7 -11.9925 -72.2435 0 -32.4777 29.9531 5973.07
7 -11.9925 -72.2435 1 62.0892 -18.4719 21300.4
7 -11.9925 -72.2435 2 -59.8711 83.5531 80141.5
7 -11.9925 -72.2435 3 76.6124 93.2874 8555.8
7 -11.9925 -72.2435 4 64.8033 -15.4496 1878.92
7 -11.9925 -72.2435 5 -88.777 5.01773 18170.3
7 -11.9925 -72.2435 6 33.7562 -1.22468 1421.24
7 -11.9925 -72.2435 7 76.6273 -84.4602 14567.8
7 -11.9925 -72.2435 8 -1.41628 -51.2216 959.593
7 -11.9925 -72.2435 9 66.0988 2.11186 8523.94
8 88.3125 84.8805 0 -32.4777 29.9531 10276.7
8 88.3125 84.8805 1 62.0892 -18.4719 21040.6
8 88.3125 84.8805 2 -59.8711 83.5531 42715.6
8 88.3125 84.8805 3 76.6124 93.2874 578.396
8 88.3125 84.8805 4 64.8033 -15.4496 10851.3
8 88.3125 84.8805 5 -88.777 5.01773 64325
8 88.3125 84.8805 6 33.7562 -1.22468 23603.3
8 88.3125 84.8805 7 76.6273 -84.4602 39.3437
8 88.3125 84.8805 8 -1.41628 -51.2216 23734.1
8 88.3125 84.8805 9 66.0988 2.11186 5315.78
9 60.9838 15.2378 0 -32.4777 29.9531 807.775
9 60.9838 15.2378 1 62.0892 -18.4719 4289.65
9 60.9838 15.2378 2 -59.8711 83.5531 9482.93
9 60.9838 15.2378 3 76.6124 93.2874 3182.62
9 60.9838 15.2378 4 64.8033 -15.4496 2459.84
9 60.9838 15.2378 5 -88.777 5.01773 34291.6
9 60.9838 15.2378 6 33.7562 -1.22468 320.449
9 60.9838 15.2378 7 76.6273 -84.4602 20767.5
9 60.9838 15.2378 8 -1.41628 -51.2216 1237.59
9 60.9838 15.2378 9 66.0988 2.11186 106.406
10 -88.7557 81.6231 0 -32.4777 29.9531 12707.1
10 -88.7557 81.6231 1 62.0892 -18.4719 12581.3
10 -88.7557 81.6231 2 -59.8711 83.5531 335.629
10 -88.7557 81.6231 3 76.6124 93.2874 49210.6
10 -88.7557 81.6231 4 64.8033 -15.4496 81365.8
10 -88.7557 81.6231 5 -88.777 5.01773 0
10 -88.7557 81.6231 6 33.7562 -1.22468 389.509
10 -88.7557 81.6231 7 76.6273 -84.4602 130226
10 -88.7557 81.6231 8 -1.41628 -51.2216 8478
10 -88.7557 81.6231 9 66.0988 2.11186 2984.41
11 30.5261 97.6803 0 -32.4777 29.9531 14000.8
11 30.5261 97.6803 1 62.0892 -18.4719 8202.32
11 30.5261 97.6803 2 -59.8711 83.5531 8938.7
11 30.5261 97.6803 3 76.6124 93.2874 5942.35
11 30.5261 97.6803 4 64.8033 -15.4496 37687.1
11 30.5261 97.6803 5 -88.777 5.01773 48523.5
11 30.5261 97.6803 6 33.7562 -1.22468 548.868
11 30.5261 97.6803 7 76.6273 -84.4602 97514.1
11 30.5261 97.6803 8 -1.41628 -51.2216 24383.7
11 30.5261 97.6803 9 66.0988 2.11186 6990.5
12 -46.44 84.5503 0 -32.4777 29.9531 7642.32
12 -46.44 84.5503 1 62.0892 -18.4719 61876.7
12 -46.44 84.5503 2 -59.8711 83.5531 1033.23
12 -46.44 84.5503 3 76.6124 93.2874 14259.8
12 -46.44 84.5503 4 64.8033 -15.4496 48480.9
12 -46.44 84.5503 5 -88.777 5.01773 14991.8
12 -46.44 84.5503 6 33.7562 -1.22468 62590.8
12 -46.44 84.5503 7 76.6273 -84.4602 27614.6
12 -46.44 84.5503 8 -1.41628 -51.2216 9742.37
12 -46.44 84.5503 9 66.0988 2.11186 25898.9
13 74.3517 -43.0225 0 -32.4777 29.9531 40509.3
13 74.3517 -43.0225 1 62.0892 -18.4719 1059.63
13 74.3517 -43.0225 2 -59.8711 83.5531 10189.5
13 74.3517 -43.0225 3 76.6124 93.2874 26592
13 74.3517 -43.0225 4 64.8033 -15.4496 900.961
13 74.3517 -43.0225 5 -88.777 5.01773 4373.49
13 74.3517 -43.0225 6 33.7562 -1.22468 4975.79
13 74.3517 -43.0225 7 76.6273 -84.4602 641.53
13 74.3517 -43.0225 8 -1.41628 -51.2216 0
13 74.3517 -43.0225 9 66.0988 2.11186 1678.99
14 -9.34433 67.7279 0 -32.4777 29.9531 1385.02
14 -9.34433 67.7279 1 62.0892 -18.4719 2800.98
14 -9.34433 67.7279 2 -59.8711 83.5531 1206.03
14 -9.34433 67.7279 3 76.6124 93.2874 303.705
14 -9.34433 67.7279 4 64.8033 -15.4496 27102.5
14 -9.34433 67.7279 5 -88.777 5.01773 484.607
14 -9.34433 67.7279 6 33.7562 -1.22468 1911.79
14 -9.34433 67.7279 7 76.6273 -84.4602 11790.2
14 -9.34433 67.7279 8 -1.41628 -51.2216 47648.4
14 -9.34433 67.7279 9 66.0988 2.11186 11568.6
15 -43.1851 -44.9289 0 -32.4777 29.9531 19392.3
15 -43.1851 -44.9289 1 62.0892 -18.4719 12765.8
15 -43.1851 -44.9289 2 -59.8711 83.5531 17838.6
15 -43.1851 -44.9289 3 76.6124 93.2874 72738.4
15 -43.1851 -44.9289 4 64.8033 -15.4496 29443
15 -43.1851 -44.9289 5 -88.777 5.01773 118.331
15 -43.1851 -44.9289 6 33.7562 -1.22468 4295.28
15 -43.1851 -44.9289 7 76.6273 -84.4602 71925.3
15 -43.1851 -44.9289 8 -1.41628 -51.2216 1820.29
15 -43.1851 -44.9289 9 66.0988 2.11186 11453.7
16 -8.1466 23.0714 0 -32.4777 29.9531 898.837
16 -8.1466 23.0714 1 62.0892 -18.4719 8773.99
16 -8.1466 23.0714 2 -59.8711 83.5531 1011.68
16 -8.1466 23.0714 3 76.6124 93.2874 30689.3
16 -8.1466 23.0714 4 64.8033 -15.4496 10162
16 -8.1466 23.0714 5 -88.777 5.01773 36005.9
16 -8.1466 23.0714 6 33.7562 -1.22468 12332.3
16 -8.1466 23.0714 7 76.6273 -84.4602 20407
16 -8.1466 23.0714 8 -1.41628 -51.2216 3326.92
16 -8.1466 23.0714 9 66.0988 2.11186 1378.6
17 94.9754 28.5603 0 -32.4777 29.9531 5250.21
17 94.9754 28.5603 1 62.0892 -18.4719 3007.96
17 94.9754 28.5603 2 -59.8711 83.5531 17869.1
17 94.9754 28.5603 3 76.6124 93.2874 4333.45
17 94.9754 28.5603 4 64.8033 -15.4496 1033.27
17 94.9754 28.5603 5 -88.777 5.01773 102358
17 94.9754 28.5603 6 33.7562 -1.22468 6850.12
17 94.9754 28.5603 7 76.6273 -84.4602 44881.2
17 94.9754 28.5603 8 -1.41628 -51.2216 2263.85
17 94.9754 28.5603 9 66.0988 2.11186 1000.27
18 16.294 -83.7705 0 -32.4777 29.9531 7234.27
18 16.294 -83.7705 1 62.0892 -18.4719 2180.11
18 16.294 -83.7705 2 -59.8711 83.5531 62409.2
18 16.294 -83.7705 3 76.6124 93.2874 51050.1
18 16.294 -83.7705 4 64.8033 -15.4496 2977.09
18 16.294 -83.7705 5 -88.777 5.01773 13700.5
18 16.294 -83.7705 6 33.7562 -1.22468 24541
18 16.294 -83.7705 7 76.6273 -84.4602 5317.75
18 16.294 -83.7705 8 -1.41628 -51.2216 2231.02
18 16.294 -83.7705 9 66.0988 2.11186 0
19 -23.3624 9.36334 0 -32.4777 29.9531 383.103
19 -23.3624 9.36334 1 62.0892 -18.4719 3120.79
19 -23.3624 9.36334 2 -59.8711 83.5531 332.985
19 -23.3624 9.36334 3 76.6124 93.2874 35153.2
19 -23.3624 9.36334 4 64.8033 -15.4496 17580.4
19 -23.3624 9.36334 5 -88.777 5.01773 31513.4
19 -23.3624 9.36334 6 33.7562 -1.22468 4892.07
19 -23.3624 9.36334 7 76.6273 -84.4602 56275.6
19 -23.3624 9.36334 8 -1.41628 -51.2216 3361.59
19 -23.3624 9.36334 9 66.0988 2.11186 4569.98
20 -68.9084 33.3003 0 -32.4777 29.9531 1509.94
20 -68.9084 33.3003 1 62.0892 -18.4719 14734.8
20 -68.9084 33.3003 2 -59.8711 83.5531 2235.58
20 -68.9084 33.3003 3 76.6124 93.2874 3988.13
20 -68.9084 33.3003 4 64.8033 -15.4496 2884.01
20 -68.9084 33.3003 5 -88.777 5.01773 643.807
20 -68.9084 33.3003 6 33.7562 -1.22468 5147.24
20 -68.9084 33.3003 7 76.6273 -84.4602 1895.46
20 -68.9084 33.3003 8 -1.41628 -51.2216 22031.7
20 -68.9084 33.3003 9 66.0988 2.11186 44884.5
21 2.70665 1.66211 0 -32.4777 29.9531 1278.85
21 2.70665 1.66211 1 62.0892 -18.4719 5389.28
21 2.70665 1.66211 2 -59.8711 83.5531 0
21 2.70665 1.66211 3 76.6124 93.2874 17328.5
21 2.70665 1.66211 4 64.8033 -15.4496 1479.34
21 2.70665 1.66211 5 -88.777 5.01773 3200.08
21 2.70665 1.66211 6 33.7562 -1.22468 5280.52
21 2.70665 1.66211 7 76.6273 -84.4602 674.901
21 2.70665 1.66211 8 -1.41628 -51.2216 2772.17
21 2.70665 1.66211 9 66.0988 2.11186 13698.4
22 -72.1205 -14.7843 0 -32.4777 29.9531 531.6
22 -72.1205 -14.7843 1 62.0892 -18.4719 51372.7
22 -72.1205 -14.7843 2 -59.8711 83.5531 4543.36
22 -72.1205 -14.7843 3 76.6124 93.2874 5524.29
22 -72.1205 -14.7843 4 64.8033 -15.4496 4688.89
22 -72.1205 -14.7843 5 -88.777 5.01773 621.637
22 -72.1205 -14.7843 6 33.7562 -1.22468 32817.3
22 -72.1205 -14.7843 7 76.6273 -84.4602 25336
22 -72.1205 -14.7843 8 -1.41628 -51.2216 4992.49
22 -72.1205 -14.7843 9 66.0988 2.11186 25239.3
23 11.9059 51.538 0 -32.4777 29.9531 1424.48
23 11.9059 51.538 1 62.0892 -18.4719 20428.9
23 11.9059 51.538 2 -59.8711 83.5531 2395.74
23 11.9059 51.538 3 76.6124 93.2874 4874.48
23 11.9059 51.538 4 64.8033 -15.4496 5430.13
23 11.9059 51.538 5 -88.777 5.01773 35341.9
23 11.9059 51.538 6 33.7562 -1.22468 10427.8
23 11.9059 51.538 7 76.6273 -84.4602 27925.4
23 11.9059 51.538 8 -1.41628 -51.2216 0
23 11.9059 51.538 9 66.0988 2.11186 6711.19
24 -74.7287 -63.1336 0 -32.4777 29.9531 1147.77
24 -74.7287 -63.1336 1 62.0892 -18.4719 38116.3
24 -74.7287 -63.1336 2 -59.8711 83.5531 65811.4
24 -74.7287 -63.1336 3 76.6124 93.2874 1543.47
24 -74.7287 -63.1336 4 64.8033 -15.4496 10224.5
24 -74.7287 -63.1336 5 -88.777 5.01773 2144.83
24 -74.7287 -63.1336 6 33.7562 -1.22468 5354.31
24 -74.7287 -63.1336 7 76.6273 -84.4602 30376.8
24 -74.7287 -63.1336 8 -1.41628 -51.2216 8581.12
24 -74.7287 -63.1336 9 66.0988 2.11186 6662.79
25 -9.89024 72.7105 0 -32.4777 29.9531 5516.59
25 -9.89024 72.7105 1 62.0892 -18.4719 2530.68
25 -9.89024 72.7105 2 -59.8711 83.5531 943.109
25 -9.89024 72.7105 3 76.6124 93.2874 8065.21
25 -9.89024 72.7105 4 64.8033 -15.4496 14792
25 -9.89024 72.7105 5 -88.777 5.01773 2234.92
25 -9.89024 72.7105 6 33.7562 -1.22468 7308.7
25 -9.89024 72.7105 7 76.6273 -84.4602 54086.4
25 -9.89024 72.7105 8 -1.41628 -51.2216 28124.8
25 -9.89024 72.7105 9 66.0988 2.11186 14345
26 -95.2134 -99.8818 0 -32.4777 29.9531 6492.18
26 -95.2134 -99.8818 1 62.0892 -18.4719 7447.66
26 -95.2134 -99.8818 2 -59.8711 83.5531 33776.5
26 -95.2134 -99.8818 3 76.6124 93.2874 58442.5
26 -95.2134 -99.8818 4 64.8033 -15.4496 97692.9
26 -95.2134 -99.8818 5 -88.777 5.01773 4720.72
26 -95.2134 -99.8818 6 33.7562 -1.22468 220.49
26 -95.2134 -99.8818 7 76.6273 -84.4602 3358.76
26 -95.2134 -99.8818 8 -1.41628 -51.2216 31947.1
26 -95.2134 -99.8818 9 66.0988 2.11186 49928.9
27 -61.3588 -51.4599 0 -32.4777 29.9531 6724.08
27 -61.3588 -51.4599 1 62.0892 -18.4719 28927.6
27 -61.3588 -51.4599 2 -59.8711 83.5531 16038.2
27 -61.3588 -51.4599 3 76.6124 93.2874 30229.1
27 -61.3588 -51.4599 4 64.8033 -15.4496 64081.6
27 -61.3588 -51.4599 5 -88.777 5.01773 9250.04
27 -61.3588 -51.4599 6 33.7562 -1.22468 27478.6
27 -61.3588 -51.4599 7 76.6273 -84.4602 996.371
27 -61.3588 -51.4599 8 -1.41628 -51.2216 19381.5
27 -61.3588 -51.4599 9 66.0988 2.11186 28963.1
28 -74.2732 -25.1484 0 -32.4777 29.9531 7244.58
28 -74.2732 -25.1484 1 62.0892 -18.4719 19152
28 -74.2732 -25.1484 2 -59.8711 83.5531 9288.01
28 -74.2732 -25.1484 3 76.6124 93.2874 7734.97
28 -74.2732 -25.1484 4 64.8033 -15.4496 18938.7
28 -74.2732 -25.1484 5 -88.777 5.01773 3129.58
28 -74.2732 -25.1484 6 33.7562 -1.22468 49722.9
28 -74.2732 -25.1484 7 76.6273 -84.4602 15924.1
28 -74.2732 -25.1484 8 -1.41628 -51.2216 8161.54
28 -74.2732 -25.1484 9 66.0988 2.11186 57594.8
29 -24.2194 72.3354 0 -32.4777 29.9531 2055.13
29 -24.2194 72.3354 1 62.0892 -18.4719 4558.83
29 -24.2194 72.3354 2 -59.8711 83.5531 2057.22
29 -24.2194 72.3354 3 76.6124 93.2874 8962.38
29 -24.2194 72.3354 4 64.8033 -15.4496 9378.13
29 -24.2194 72.3354 5 -88.777 5.01773 3314.4
29 -24.2194 72.3354 6 33.7562 -1.22468 28598.1
29 -24.2194 72.3354 7 76.6273 -84.4602 1117.46
29 -24.2194 72.3354 8 -1.41628 -51.2216 4301.63
29 -24.2194 72.3354 9 66.0988 2.11186 31948.1
30 -37.6731 -54.2546 0 -32.4777 29.9531 1494.54
30 -37.6731 -54.2546 1 62.0892 -18.4719 27775.7
30 -37.6731 -54.2546 2 -59.8711 83.5531 28271.2
30 -37.6731 -54.2546 3 76.6124 93.2874 60004.3
30 -37.6731 -54.2546 4 64.8033 -15.4496 5546.79
30 -37.6731 -54.2546 5 -88.777 5.01773 1950.81
30 -37.6731 -54.2546 6 33.7562 -1.22468 13700
30 -37.6731 -54.2546 7 76.6273 -84.4602 12319.3
30 -37.6731 -54.2546 8 -1.41628 -51.2216 1158.4
30 -37.6731 -54.2546 9 66.0988 2.11186 319.911
31 -20.4313 17.1433 0 -32.4777 29.9531 662.873
31 -20.4313 17.1433 1 62.0892 -18.4719 4782.81
31 -20.4313 17.1433 2 -59.8711 83.5531 586.251
31 -20.4313 17.1433 3 76.6124 93.2874 21686.9
31 -20.4313 17.1433 4 64.8033 -15.4496 14990.3
31 -20.4313 17.1433 5 -88.777 5.01773 2100.17
31 -20.4313 17.1433 6 33.7562 -1.22468 714.659
31 -20.4313 17.1433 7 76.6273 -84.4602 338.448
31 -20.4313 17.1433 8 -1.41628 -51.2216 5036.61
31 -20.4313 17.1433 9 66.0988 2.11186 12499.1
32 -99.2572 -32.4474 0 -32.4777 29.9531 15496.4
32 -99.2572 -32.4474 1 62.0892 -18.4719 54225.4
32 -99.2572 -32.4474 2 -59.8711 83.5531 40471.9
32 -99.2572 -32.4474 3 76.6124 93.2874 57700.7
32 -99.2572 -32.4474 4 64.8033 -15.4496 28037.4
32 -99.2572 -32.4474 5 -88.777 5.01773 3540.02
32 -99.2572 -32.4474 6 33.7562 -1.22468 5839.45
32 -99.2572 -32.4474 7 76.6273 -84.4602 54153.6
32 -99.2572 -32.4474 8 -1.41628 -51.2216 21982.5
32 -99.2572 -32.4474 9 66.0988 2.11186 4185.23
33 3.66244 -68.5044 0 -32.4777 29.9531 5298.78
33 3.66244 -68.5044 1 62.0892 -18.4719 3439.76
33 3.66244 -68.5044 2 -59.8711 83.5531 3011.75
33 3.66244 -68.5044 3 76.6124 93.2874 69472.2
33 3.66244 -68.5044 4 64.8033 -15.4496 12582.3
33 3.66244 -68.5044 5 -88.777 5.01773 12240.9
33 3.66244 -68.5044 6 33.7562 -1.22468 2364.55
33 3.66244 -68.5044 7 76.6273 -84.4602 6544.7
33 3.66244 -68.5044 8 -1.41628 -51.2216 470.888
33 3.66244 -68.5044 9 66.0988 2.11186 3060.39
34 -65.7032 72.1828 0 -32.4777 29.9531 5392.96
34 -65.7032 72.1828 1 62.0892 -18.4719 105410
34 -65.7032 72.1828 2 -59.8711 83.5531 292.366
34 -65.7032 72.1828 3 76.6124 93.2874 1040.87
34 -65.7032 72.1828 4 64.8033 -15.4496 26151.2
34 -65.7032 72.1828 5 -88.777 5.01773 4914.66
34 -65.7032 72.1828 6 33.7562 -1.22468 67349.1
34 -65.7032 72.1828 7 76.6273 -84.4602 28814.5
34 -65.7032 72.1828 8 -1.41628 -51.2216 33168.7
34 -65.7032 72.1828 9 66.0988 2.11186 21544.7
35 53.1326 26.1379 0 -32.4777 29.9531 19796.6
35 53.1326 26.1379 1 62.0892 -18.4719 3302.87
35 53.1326 26.1379 2 -59.8711 83.5531 20981.7
35 53.1326 26.1379 3 76.6124 93.2874 28.3851
35 53.1326 26.1379 4 64.8033 -15.4496 4533.69
35 53.1326 26.1379 5 -88.777 5.01773 65684.5
35 53.1326 26.1379 6 33.7562 -1.22468 1129.92
35 53.1326 26.1379 7 76.6273 -84.4602 241.218
35 53.1326 26.1379 8 -1.41628 -51.2216 8173.4
35 53.1326 26.1379 9 66.0988 2.11186 446.098
36 81.3309 -44.6531 0 -32.4777 29.9531 22681.7
36 81.3309 -44.6531 1 62.0892 -18.4719 2413.53
36 81.3309 -44.6531 2 -59.8711 83.5531 17601.2
36 81.3309 -44.6531 3 76.6124 93.2874 38855.4
36 81.3309 -44.6531 4 64.8033 -15.4496 3504.82
36 81.3309 -44.6531 5 -88.777 5.01773 135146
36 81.3309 -44.6531 6 33.7562 -1.22468 2810.87
36 81.3309 -44.6531 7 76.6273 -84.4602 1321.31
36 81.3309 -44.6531 8 -1.41628 -51.2216 13928.2
36 81.3309 -44.6531 9 66.0988 2.11186 160.125
37 34.8567 58.5679 0 -32.4777 29.9531 4169.12
37 34.8567 58.5679 1 62.0892 -18.4719 7604
37 34.8567 58.5679 2 -59.8711 83.5531 18126.7
37 34.8567 58.5679 3 76.6124 93.2874 5064.61
37 34.8567 58.5679 4 64.8033 -15.4496 932.361
37 34.8567 58.5679 5 -88.777 5.01773 19155.9
37 34.8567 58.5679 6 33.7562 -1.22468 5644.44
37 34.8567 58.5679 7 76.6273 -84.4602 31122.4
37 34.8567 58.5679 8 -1.41628 -51.2216 25451.6
37 34.8567 58.5679 9 66.0988 2.11186 2332.69
38 43.1926 -32.1988 0 -32.4777 29.9531 20226.4
38 43.1926 -32.1988 1 62.0892 -18.4719 924.763
38 43.1926 -32.1988 2 -59.8711 83.5531 7736.57
38 43.1926 -32.1988 3 76.6124 93.2874 20110.1
38 43.1926 -32.1988 4 64.8033 -15.4496 489.232
38 43.1926 -32.1988 5 -88.777 5.01773 17234
38 43.1926 -32.1988 6 33.7562 -1.22468 2918.37
38 43.1926 -32.1988 7 76.6273 -84.4602 6829.05
38 43.1926 -32.1988 8 -1.41628 -51.2216 944.675
38 43.1926 -32.1988 9 66.0988 2.11186 4172.08
39 -93.2637 -30.6573 0 -32.4777 29.9531 9256.79
39 -93.2637 -30.6573 1 62.0892 -18.4719 37648.5
39 -93.2637 -30.6573 2 -59.8711 83.5531 29164.4
39 -93.2637 -30.6573 3 76.6124 93.2874 188676
39 -93.2637 -30.6573 4 64.8033 -15.4496 21642.8
39 -93.2637 -30.6573 5 -88.777 5.01773 2969.66
39 -93.2637 -30.6573 6 33.7562 -1.22468 39153.9
39 -93.2637 -30.6573 7 76.6273 -84.4602 45577.3
39 -93.2637 -30.6573 8 -1.41628 -51.2216 6991.13
39 -93.2637 -30.6573 9 66.0988 2.11186 32176.6
