NumberAnchors 40 NumberNodes 10
0 -71.4889 95.5451 0 -33.4098 0 -35.9131 73.6526 0 20
0 -71.4889 95.5451 0 -45.8687 1 -35.2226 -75.9831 0 20
0 -71.4889 95.5451 0 -40.2766 2 19.7429 82.982 0 20
0 -71.4889 95.5451 0 -42.4296 3 28.629 33.0944 0 20
0 -71.4889 95.5451 0 -41.536 4 15.3436 33.9476 0 20
0 -71.4889 95.5451 0 -38.1494 5 -11.4452 55.6516 0 20
0 -71.4889 95.5451 0 -44.2822 6 44.2515 6.46599 0 20
0 -71.4889 95.5451 0 -48.5845 7 97.887 -74.0288 0 20
0 -71.4889 95.5451 0 -44.7046 8 -44.2186 -55.3397 0 20
0 -71.4889 95.5451 0 -46.0864 9 -17.5933 -75.9548 0 20
1 -80.1391 -5.08177 0 -40.1064 0 -35.9131 73.6526 0 20
1 -80.1391 -5.08177 0 -39.4706 1 -35.2226 -75.9831 0 20
1 -80.1391 -5.08177 0 -43.4796 2 19.7429 82.982 0 20
1 -80.1391 -5.08177 0 -42.2267 3 28.629 33.0944 0 20
1 -80.1391 -5.08177 0 -41.2616 4 15.3436 33.9476 0 20
1 -80.1391 -5.08177 0 -40.2387 5 -11.4452 55.6516 0 20
1 -80.1391 -5.08177 0 -42.9251 6 44.2515 6.46599 0 20
1 -80.1391 -5.08177 0 -46.6087 7 97.887 -74.0288 0 20
1 -80.1391 -5.08177 0 -36.8084 8 -44.2186 -55.3397 0 20
1 -80.1391 -5.08177 0 -40.503 9 -17.5933 -75.9548 0 20
2 -95.4224 -28.063 0 -42.4183 0 -35.9131 73.6526 0 20
2 -95.4224 -28.063 0 -38.7156 1 -35.2226 -75.9831 0 20
2 -95.4224 -28.063 0 -45.0735 2 19.7429 82.982 0 20
2 -95.4224 -28.063 0 -43.809 3 28.629 33.0944 0 20
2 -95.4224 -28.063 0 -43.0642 4 15.3436 33.9476 0 20
2 -95.4224 -28.063 0 -42.472 5 -11.4452 55.6516 0 20
2 -95.4224 -28.063 0 -44.152 6 44.2515 6.46599 0 20
2 -95.4224 -28.063 0 -46.956 7 97.887 -74.0288 0 20
2 -95.4224 -28.063 0 -36.263 8 -44.2186 -55.3397 0 20
2 -95.4224 -28.063 0 -40.2095 9 -17.5933 -75.9548 0 20
3 99.1057 -99.1748 0 -47.8135 0 -35.9131 73.6526 0 20
3 99.1057 -99.1748 0 -43.683 1 -35.2226 -75.9831 0 20
3 99.1057 -99.1748 0 -46.9558 2 19.7429 82.982 0 20
3 99.1057 -99.1748 0 -44.5066 3 28.629 33.0944 0 20
3 99.1057 -99.1748 0 -44.9257 4 15.3436 33.9476 0 20
3 99.1057 -99.1748 0 -46.5783 5 -11.4452 55.6516 0 20
3 99.1057 -99.1748 0 -42.5055 6 44.2515 6.46599 0 20
3 99.1057 -99.1748 0 -29.0117 7 97.887 -74.0288 0 20
3 99.1057 -99.1748 0 -44.5068 8 -44.2186 -55.3397 0 20
3 99.1057 -99.1748 0 -42.5021 9 -17.5933 -75.9548 0 20
4 94.7342 -22.9876 0 -45.2095 0 -35.9131 73.6526 0 20
4 94.7342 -22.9876 0 -43.9362 1 -35.2226 -75.9831 0 20
4 94.7342 -22.9876 0 -43.2589 2 19.7429 82.982 0 20
4 94.7342 -22.9876 0 -39.7514 3 28.629 33.0944 0 20
4 94.7342 -22.9876 0 -40.7896 4 15.3436 33.9476 0 20
4 94.7342 -22.9876 0 -43.4121 5 -11.4452 55.6516 0 20
4 94.7342 -22.9876 0 -36.3273 6 44.2515 6.46599 0 20
4 94.7342 -22.9876 0 -35.167 7 97.887 -74.0288 0 20
4 94.7342 -22.9876 0 -44.0787 8 -44.2186 -55.3397 0 20
4 94.7342 -22.9876 0 -42.8738 9 -17.5933 -75.9548 0 20
5 -48.7654 -91.4361 0 -45.3727 0 -35.9131 73.6526 0 20
5 -48.7654 -91.4361 0 -27.2473 1 -35.2226 -75.9831 0 20
5 -48.7654 -91.4361 0 -46.447 2 19.7429 82.982 0 20
5 -48.7654 -91.4361 0 -44.316 3 28.629 33.0944 0 20
5 -48.7654 -91.4361 0 -43.9656 4 15.3436 33.9476 0 20
5 -48.7654 -91.4361 0 -44.6146 5 -11.4452 55.6516 0 20
5 -48.7654 -91.4361 0 -43.6016 6 44.2515 6.46599 0 20
5 -48.7654 -91.4361 0 -44.3786 7 97.887 -74.0288 0 20
5 -48.7654 -91.4361 0 -32.2097 8 -44.2186 -55.3397 0 20
5 -48.7654 -91.4361 0 -31.8248 9 -17.5933 -75.9548 0 20
6 -95.704 15.5658 0 -39.4113 0 -35.9131 73.6526 0 20
6 -95.704 15.5658 0 -41.7981 1 -35.2226 -75.9831 0 20
6 -95.704 15.5658 0 -43.5141 2 19.7429 82.982 0 20
6 -95.704 15.5658 0 -42.9693 3 28.629 33.0944 0 20
6 -95.704 15.5658 0 -42.0197 4 15.3436 33.9476 0 20
6 -95.704 15.5658 0 -40.3905 5 -11.4452 55.6516 0 20
6 -95.704 15.5658 0 -43.9302 6 44.2515 6.46599 0 20
6 -95.704 15.5658 0 -47.5727 7 97.887 -74.0288 0 20
6 -95.704 15.5658 0 -39.8448 8 -44.2186 -55.3397 0 20
6 -95.704 15.5658 0 -42.599 9 -17.5933 -75.9548 0 20
7 -95.7752 81.5026 0 -36.6092 0 -35.9131 73.6526 0 20
7 -95.7752 81.5026 0 -45.5357 1 -35.2226 -75.9831 0 20
7 -95.7752 81.5026 0 -42.2458 2 19.7429 82.982 0 20
7 -95.7752 81.5026 0 -43.5011 3 28.629 33.0944 0 20
7 -95.7752 81.5026 0 -42.6383 4 15.3436 33.9476 0 20
7 -95.7752 81.5026 0 -39.9018 5 -11.4452 55.6516 0 20
7 -95.7752 81.5026 0 -45.0126 6 44.2515 6.46599 0 20
7 -95.7752 81.5026 0 -48.8946 7 97.887 -74.0288 0 20
7 -95.7752 81.5026 0 -44.293 8 -44.2186 -55.3397 0 20
7 -95.7752 81.5026 0 -45.8924 9 -17.5933 -75.9548 0 20
8 13.8738 -96.2907 0 -45.9558 0 -35.9131 73.6526 0 20
8 13.8738 -96.2907 0 -35.499 1 -35.2226 -75.9831 0 20
8 13.8738 -96.2907 0 -46.067 2 19.7429 82.982 0 20
8 13.8738 -96.2907 0 -43.2859 3 28.629 33.0944 0 20
8 13.8738 -96.2907 0 -43.2874 4 15.3436 33.9476 0 20
8 13.8738 -96.2907 0 -44.7446 5 -11.4452 55.6516 0 20
8 13.8738 -96.2907 0 -41.5922 6 44.2515 6.46599 0 20
8 13.8738 -96.2907 0 -39.7738 7 97.887 -74.0288 0 20
8 13.8738 -96.2907 0 -38.0265 8 -44.2186 -55.3397 0 20
8 13.8738 -96.2907 0 -32.4649 9 -17.5933 -75.9548 0 20
9 -89.1271 -28.3137 0 -42.2073 0 -35.9131 73.6526 0 20
9 -89.1271 -28.3137 0 -38.1338 1 -35.2226 -75.9831 0 20
9 -89.1271 -28.3137 0 -44.8373 2 19.7429 82.982 0 20
9 -89.1271 -28.3137 0 -43.4565 3 28.629 33.0944 0 20
9 -89.1271 -28.3137 0 -42.692 4 15.3436 33.9476 0 20
9 -89.1271 -28.3137 0 -42.1597 5 -11.4452 55.6516 0 20
9 -89.1271 -28.3137 0 -43.7795 6 44.2515 6.46599 0 20
9 -89.1271 -28.3137 0 -46.6816 7 97.887 -74.0288 0 20
9 -89.1271 -28.3137 0 -35.381 8 -44.2186 -55.3397 0 20
9 -89.1271 -28.3137 0 -39.6766 9 -17.5933 -75.9548 0 20
10 -42.6429 84.3075 0 -23.001 0 -35.9131 73.6526 0 20
10 -42.6429 84.3075 0 -45.0996 1 -35.2226 -75.9831 0 20
10 -42.6429 84.3075 0 -36.8958 2 19.7429 82.982 0 20
10 -42.6429 84.3075 0 -39.8584 3 28.629 33.0944 0 20
10 -42.6429 84.3075 0 -38.6995 4 15.3436 33.9476 0 20
10 -42.6429 84.3075 0 -33.5314 5 -11.4452 55.6516 0 20
10 -42.6429 84.3075 0 -42.3307 6 44.2515 6.46599 0 20
10 -42.6429 84.3075 0 -47.5067 7 97.887 -74.0288 0 20
10 -42.6429 84.3075 0 -43.8933 8 -44.2186 -55.3397 0 20
10 -42.6429 84.3075 0 -45.1936 9 -17.5933 -75.9548 0 20
11 35.7842 95.3994 0 -38.4844 0 -35.9131 73.6526 0 20
11 35.7842 95.3994 0 -46.3594 1 -35.2226 -75.9831 0 20
11 35.7842 95.3994 0 -27.136 2 19.7429 82.982 0 20
11 35.7842 95.3994 0 -36.9395 3 28.629 33.0944 0 20
11 35.7842 95.3994 0 -37.2185 4 15.3436 33.9476 0 20
11 35.7842 95.3994 0 -36.8019 5 -11.4452 55.6516 0 20
11 35.7842 95.3994 0 -40.0126 6 44.2515 6.46599 0 20
11 35.7842 95.3994 0 -46.1193 7 97.887 -74.0288 0 20
11 35.7842 95.3994 0 -45.6344 8 -44.2186 -55.3397 0 20
11 35.7842 95.3994 0 -46.0722 9 -17.5933 -75.9548 0 20
12 84.5082 -95.7192 0 -47.3457 0 -35.9131 73.6526 0 20
12 84.5082 -95.7192 0 -42.6726 1 -35.2226 -75.9831 0 20
12 84.5082 -95.7192 0 -46.5706 2 19.7429 82.982 0 20
12 84.5082 -95.7192 0 -43.9402 3 28.629 33.0944 0 20
12 84.5082 -95.7192 0 -44.3361 4 15.3436 33.9476 0 20
12 84.5082 -95.7192 0 -46.0599 5 -11.4452 55.6516 0 20
12 84.5082 -95.7192 0 -41.8064 6 44.2515 6.46599 0 20
12 84.5082 -95.7192 0 -29.1177 7 97.887 -74.0288 0 20
12 84.5082 -95.7192 0 -43.5931 8 -44.2186 -55.3397 0 20
12 84.5082 -95.7192 0 -41.3325 9 -17.5933 -75.9548 0 20
13 87.4261 81.0321 0 -42.8296 0 -35.9131 73.6526 0 20
13 87.4261 81.0321 0 -46.9796 1 -35.2226 -75.9831 0 20
13 87.4261 81.0321 0 -37.6053 2 19.7429 82.982 0 20
13 87.4261 81.0321 0 -38.5926 3 28.629 33.0944 0 20
13 87.4261 81.0321 0 -39.6919 4 15.3436 33.9476 0 20
13 87.4261 81.0321 0 -41.1707 5 -11.4452 55.6516 0 20
13 87.4261 81.0321 0 -39.6986 6 44.2515 6.46599 0 20
13 87.4261 81.0321 0 -44.8219 7 97.887 -74.0288 0 20
13 87.4261 81.0321 0 -46.5464 8 -44.2186 -55.3397 0 20
13 87.4261 81.0321 0 -46.5156 9 -17.5933 -75.9548 0 20
14 42.9505 -88.3583 0 -46.1065 0 -35.9131 73.6526 0 20
14 42.9505 -88.3583 0 -38.9607 1 -35.2226 -75.9831 0 20
14 42.9505 -88.3583 0 -45.7482 2 19.7429 82.982 0 20
14 42.9505 -88.3583 0 -42.7402 3 28.629 33.0944 0 20
14 42.9505 -88.3583 0 -42.9569 4 15.3436 33.9476 0 20
14 42.9505 -88.3583 0 -44.7392 5 -11.4452 55.6516 0 20
14 42.9505 -88.3583 0 -40.5313 6 44.2515 6.46599 0 20
14 42.9505 -88.3583 0 -36.0752 7 97.887 -74.0288 0 20
14 42.9505 -88.3583 0 -40.3816 8 -44.2186 -55.3397 0 20
14 42.9505 -88.3583 0 -36.812 9 -17.5933 -75.9548 0 20
15 -94.1404 25.3365 0 -38.5698 0 -35.9131 73.6526 0 20
15 -94.1404 25.3365 0 -42.371 1 -35.2226 -75.9831 0 20
15 -94.1404 25.3365 0 -43.112 2 19.7429 82.982 0 20
15 -94.1404 25.3365 0 -42.7912 3 28.629 33.0944 0 20
15 -94.1404 25.3365 0 -41.8059 4 15.3436 33.9476 0 20
15 -94.1404 25.3365 0 -39.8893 5 -11.4452 55.6516 0 20
15 -94.1404 25.3365 0 -43.8943 6 44.2515 6.46599 0 20
15 -94.1404 25.3365 0 -47.6897 7 97.887 -74.0288 0 20
15 -94.1404 25.3365 0 -40.5349 8 -44.2186 -55.3397 0 20
15 -94.1404 25.3365 0 -43.0656 9 -17.5933 -75.9548 0 20
16 92.8064 14.968 0 -44.0051 0 -35.9131 73.6526 0 20
16 92.8064 14.968 0 -44.9127 1 -35.2226 -75.9831 0 20
16 92.8064 14.968 0 -40.9765 2 19.7429 82.982 0 20
16 92.8064 14.968 0 -37.4731 3 28.629 33.0944 0 20
16 92.8064 14.968 0 -39.0272 4 15.3436 33.9476 0 20
16 92.8064 14.968 0 -41.9694 5 -11.4452 55.6516 0 20
16 92.8064 14.968 0 -34.8479 6 44.2515 6.46599 0 20
16 92.8064 14.968 0 -39.9937 7 97.887 -74.0288 0 20
16 92.8064 14.968 0 -44.7431 8 -44.2186 -55.3397 0 20
16 92.8064 14.968 0 -44.1001 9 -17.5933 -75.9548 0 20
17 -82.1708 76.2318 0 -34.3093 0 -35.9131 73.6526 0 20
17 -82.1708 76.2318 0 -45.0359 1 -35.2226 -75.9831 0 20
17 -82.1708 76.2318 0 -41.1758 2 19.7429 82.982 0 20
17 -82.1708 76.2318 0 -42.4958 3 28.629 33.0944 0 20
17 -82.1708 76.2318 0 -41.5217 4 15.3436 33.9476 0 20
17 -82.1708 76.2318 0 -38.3366 5 -11.4452 55.6516 0 20
17 -82.1708 76.2318 0 -44.1831 6 44.2515 6.46599 0 20
17 -82.1708 76.2318 0 -48.3957 7 97.887 -74.0288 0 20
17 -82.1708 76.2318 0 -43.7224 8 -44.2186 -55.3397 0 20
17 -82.1708 76.2318 0 -45.3587 9 -17.5933 -75.9548 0 20
18 -84.4559 -50.2556 0 -43.4742 0 -35.9131 73.6526 0 20
18 -84.4559 -50.2556 0 -35.8858 1 -35.2226 -75.9831 0 20
18 -84.4559 -50.2556 0 -45.5572 2 19.7429 82.982 0 20
18 -84.4559 -50.2556 0 -43.9446 3 28.629 33.0944 0 20
18 -84.4559 -50.2556 0 -43.3094 4 15.3436 33.9476 0 20
18 -84.4559 -50.2556 0 -43.1793 5 -11.4452 55.6516 0 20
18 -84.4559 -50.2556 0 -43.955 6 44.2515 6.46599 0 20
18 -84.4559 -50.2556 0 -46.2831 7 97.887 -74.0288 0 20
18 -84.4559 -50.2556 0 -33.1535 8 -44.2186 -55.3397 0 20
18 -84.4559 -50.2556 0 -38.0942 9 -17.5933 -75.9548 0 20
19 -19.5959 -91.0843 0 -45.3703 0 -35.9131 73.6526 0 20
19 -19.5959 -91.0843 0 -27.7337 1 -35.2226 -75.9831 0 20
19 -19.5959 -91.0843 0 -46.0227 2 19.7429 82.982 0 20
19 -19.5959 -91.0843 0 -43.4831 3 28.629 33.0944 0 20
19 -19.5959 -91.0843 0 -43.2591 4 15.3436 33.9476 0 20
19 -19.5959 -91.0843 0 -44.3362 5 -11.4452 55.6516 0 20
19 -19.5959 -91.0843 0 -42.3251 6 44.2515 6.46599 0 20
19 -19.5959 -91.0843 0 -42.4822 7 97.887 -74.0288 0 20
19 -19.5959 -91.0843 0 -33.7428 8 -44.2186 -55.3397 0 20
19 -19.5959 -91.0843 0 -24.664 9 -17.5933 -75.9548 0 20
20 85.4101 -61.3535 0 -46.1701 0 -35.9131 73.6526 0 20
20 85.4101 -61.3535 0 -42.6848 1 -35.2226 -75.9831 0 20
20 85.4101 -61.3535 0 -44.9966 2 19.7429 82.982 0 20
20 85.4101 -61.3535 0 -41.8359 3 28.629 33.0944 0 20
20 85.4101 -61.3535 0 -42.4508 4 15.3436 33.9476 0 20
20 85.4101 -61.3535 0 -44.6228 5 -11.4452 55.6516 0 20
20 85.4101 -61.3535 0 -38.981 6 44.2515 6.46599 0 20
20 85.4101 -61.3535 0 -25.9936 7 97.887 -74.0288 0 20
20 85.4101 -61.3535 0 -43.2555 8 -44.2186 -55.3397 0 20
20 85.4101 -61.3535 0 -41.3355 9 -17.5933 -75.9548 0 20
21 -90.5603 11.0579 0 -39.3834 0 -35.9131 73.6526 0 20
21 -90.5603 11.0579 0 -41.2609 1 -35.2226 -75.9831 0 20
21 -90.5603 11.0579 0 -43.3826 2 19.7429 82.982 0 20
21 -90.5603 11.0579 0 -42.6628 3 28.629 33.0944 0 20
21 -90.5603 11.0579 0 -41.6886 4 15.3436 33.9476 0 20
21 -90.5603 11.0579 0 -40.1555 5 -11.4452 55.6516 0 20
21 -90.5603 11.0579 0 -43.5917 6 44.2515 6.46599 0 20
21 -90.5603 11.0579 0 -47.3017 7 97.887 -74.0288 0 20
21 -90.5603 11.0579 0 -39.1586 8 -44.2186 -55.3397 0 20
21 -90.5603 11.0579 0 -42.0964 9 -17.5933 -75.9548 0 20
22 42.0571 87.8868 0 -38.9731 0 -35.9131 73.6526 0 20
22 42.0571 87.8868 0 -46.1542 1 -35.2226 -75.9831 0 20
22 42.0571 87.8868 0 -28.1686 2 19.7429 82.982 0 20
22 42.0571 87.8868 0 -36.0198 3 28.629 33.0944 0 20
22 42.0571 87.8868 0 -36.5828 4 15.3436 33.9476 0 20
22 42.0571 87.8868 0 -36.9045 5 -11.4452 55.6516 0 20
22 42.0571 87.8868 0 -39.21 6 44.2515 6.46599 0 20
22 42.0571 87.8868 0 -45.6658 7 97.887 -74.0288 0 20
22 42.0571 87.8868 0 -45.4571 8 -44.2186 -55.3397 0 20
22 42.0571 87.8868 0 -45.8212 9 -17.5933 -75.9548 0 20
23 86.2846 87.2993 0 -42.7872 0 -35.9131 73.6526 0 20
23 86.2846 87.2993 0 -47.1647 1 -35.2226 -75.9831 0 20
23 86.2846 87.2993 0 -37.4722 2 19.7429 82.982 0 20
23 86.2846 87.2993 0 -38.9595 3 28.629 33.0944 0 20
23 86.2846 87.2993 0 -39.9568 4 15.3436 33.9476 0 20
23 86.2846 87.2993 0 -41.2257 5 -11.4452 55.6516 0 20
23 86.2846 87.2993 0 -40.1833 6 44.2515 6.46599 0 20
23 86.2846 87.2993 0 -45.1687 7 97.887 -74.0288 0 20
23 86.2846 87.2993 0 -46.7181 8 -44.2186 -55.3397 0 20
23 86.2846 87.2993 0 -46.7258 9 -17.5933 -75.9548 0 20
24 16.4897 -83.8902 0 -45.3958 0 -35.9131 73.6526 0 20
24 16.4897 -83.8902 0 -35.3643 1 -35.2226 -75.9831 0 20
24 16.4897 -83.8902 0 -45.4414 2 19.7429 82.982 0 20
24 16.4897 -83.8902 0 -42.4012 3 28.629 33.0944 0 20
24 16.4897 -83.8902 0 -42.4182 4 15.3436 33.9476 0 20
24 16.4897 -83.8902 0 -44.0568 5 -11.4452 55.6516 0 20
24 16.4897 -83.8902 0 -40.503 6 44.2515 6.46599 0 20
24 16.4897 -83.8902 0 -39.2676 7 97.887 -74.0288 0 20
24 16.4897 -83.8902 0 -37.5248 8 -44.2186 -55.3397 0 20
24 16.4897 -83.8902 0 -31.8721 9 -17.5933 -75.9548 0 20
25 66.6024 -99.2993 0 -47.0583 0 -35.9131 73.6526 0 20
25 66.6024 -99.2993 0 -41.3711 1 -35.2226 -75.9831 0 20
25 66.6024 -99.2993 0 -46.4849 2 19.7429 82.982 0 20
25 66.6024 -99.2993 0 -43.7728 3 28.629 33.0944 0 20
25 66.6024 -99.2993 0 -44.0846 4 15.3436 33.9476 0 20
25 66.6024 -99.2993 0 -45.7779 5 -11.4452 55.6516 0 20
25 66.6024 -99.2993 0 -41.6687 6 44.2515 6.46599 0 20
25 66.6024 -99.2993 0 -33.0801 7 97.887 -74.0288 0 20
25 66.6024 -99.2993 0 -42.5192 8 -44.2186 -55.3397 0 20
25 66.6024 -99.2993 0 -39.8196 9 -17.5933 -75.9548 0 20
26 -93.0656 73.698 0 -36.1328 0 -35.9131 73.6526 0 20
26 -93.0656 73.698 0 -45.0999 1 -35.2226 -75.9831 0 20
26 -93.0656 73.698 0 -42.0683 2 19.7429 82.982 0 20
26 -93.0656 73.698 0 -43.1559 3 28.629 33.0944 0 20
26 -93.0656 73.698 0 -42.2413 4 15.3436 33.9476 0 20
26 -93.0656 73.698 0 -39.4354 5 -11.4452 55.6516 0 20
26 -93.0656 73.698 0 -44.6798 6 44.2515 6.46599 0 20
26 -93.0656 73.698 0 -48.6477 7 97.887 -74.0288 0 20
26 -93.0656 73.698 0 -43.788 8 -44.2186 -55.3397 0 20
26 -93.0656 73.698 0 -45.4779 9 -17.5933 -75.9548 0 20
27 -89.167 -97.2443 0 -46.0493 0 -35.9131 73.6526 0 20
27 -89.167 -97.2443 0 -36.2581 1 -35.2226 -75.9831 0 20
27 -89.167 -97.2443 0 -47.4603 2 19.7429 82.982 0 20
27 -89.167 -97.2443 0 -45.8866 3 28.629 33.0944 0 20
27 -89.167 -97.2443 0 -45.4844 4 15.3436 33.9476 0 20
27 -89.167 -97.2443 0 -45.6782 5 -11.4452 55.6516 0 20
27 -89.167 -97.2443 0 -45.5491 6 44.2515 6.46599 0 20
27 -89.167 -97.2443 0 -46.4978 7 97.887 -74.0288 0 20
27 -89.167 -97.2443 0 -36.7628 8 -44.2186 -55.3397 0 20
27 -89.167 -97.2443 0 -38.4553 9 -17.5933 -75.9548 0 20
28 44.4506 -97.774 0 -46.5364 0 -35.9131 73.6526 0 20
28 44.4506 -97.774 0 -39.3316 1 -35.2226 -75.9831 0 20
28 44.4506 -97.774 0 -46.2143 2 19.7429 82.982 0 20
28 44.4506 -97.774 0 -43.3918 3 28.629 33.0944 0 20
28 44.4506 -97.774 0 -43.5923 4 15.3436 33.9476 0 20
28 44.4506 -97.774 0 -45.2513 5 -11.4452 55.6516 0 20
28 44.4506 -97.774 0 -41.3528 6 44.2515 6.46599 0 20
28 44.4506 -97.774 0 -36.3314 7 97.887 -74.0288 0 20
28 44.4506 -97.774 0 -40.8432 8 -44.2186 -55.3397 0 20
28 44.4506 -97.774 0 -37.3525 9 -17.5933 -75.9548 0 20
29 5.51517 -92.0529 0 -45.6422 0 -35.9131 73.6526 0 20
29 5.51517 -92.0529 0 -33.8201 1 -35.2226 -75.9831 0 20
29 5.51517 -92.0529 0 -45.8832 2 19.7429 82.982 0 20
29 5.51517 -92.0529 0 -43.0862 3 28.629 33.0944 0 20
29 5.51517 -92.0529 0 -43.0259 4 15.3436 33.9476 0 20
29 5.51517 -92.0529 0 -44.4369 5 -11.4452 55.6516 0 20
29 5.51517 -92.0529 0 -41.4868 6 44.2515 6.46599 0 20
29 5.51517 -92.0529 0 -40.4652 7 97.887 -74.0288 0 20
29 5.51517 -92.0529 0 -36.8142 8 -44.2186 -55.3397 0 20
29 5.51517 -92.0529 0 -29.9856 9 -17.5933 -75.9548 0 20
30 89.1413 -36.1336 0 -45.4156 0 -35.9131 73.6526 0 20
30 89.1413 -36.1336 0 -43.3105 1 -35.2226 -75.9831 0 20
30 89.1413 -36.1336 0 -43.7807 2 19.7429 82.982 0 20
30 89.1413 -36.1336 0 -40.2629 3 28.629 33.0944 0 20
30 89.1413 -36.1336 0 -41.1446 4 15.3436 33.9476 0 20
30 89.1413 -36.1336 0 -43.6737 5 -11.4452 55.6516 0 20
30 89.1413 -36.1336 0 -36.8239 6 44.2515 6.46599 0 20
30 89.1413 -36.1336 0 -32.7891 7 97.887 -74.0288 0 20
30 89.1413 -36.1336 0 -43.5818 8 -44.2186 -55.3397 0 20
30 89.1413 -36.1336 0 -42.1242 9 -17.5933 -75.9548 0 20
31 86.3097 -36.3802 0 -45.3131 0 -35.9131 73.6526 0 20
31 86.3097 -36.3802 0 -43.1242 1 -35.2226 -75.9831 0 20
31 86.3097 -36.3802 0 -43.7055 2 19.7429 82.982 0 20
31 86.3097 -36.3802 0 -40.1057 3 28.629 33.0944 0 20
31 86.3097 -36.3802 0 -40.9844 4 15.3436 33.9476 0 20
31 86.3097 -36.3802 0 -43.5511 5 -11.4452 55.6516 0 20
31 86.3097 -36.3802 0 -36.5608 6 44.2515 6.46599 0 20
31 86.3097 -36.3802 0 -32.8995 7 97.887 -74.0288 0 20
31 86.3097 -36.3802 0 -43.3969 8 -44.2186 -55.3397 0 20
31 86.3097 -36.3802 0 -41.913 9 -17.5933 -75.9548 0 20
32 82.2305 15.2114 0 -43.3909 0 -35.9131 73.6526 0 20
32 82.2305 15.2114 0 -44.4383 1 -35.2226 -75.9831 0 20
32 82.2305 15.2114 0 -40.285 2 19.7429 82.982 0 20
32 82.2305 15.2114 0 -36.034 3 28.629 33.0944 0 20
32 82.2305 15.2114 0 -37.827 4 15.3436 33.9476 0 20
32 82.2305 15.2114 0 -41.1668 5 -11.4452 55.6516 0 20
32 82.2305 15.2114 0 -32.8073 6 44.2515 6.46599 0 20
32 82.2305 15.2114 0 -40.135 7 97.887 -74.0288 0 20
32 82.2305 15.2114 0 -44.2074 8 -44.2186 -55.3397 0 20
32 82.2305 15.2114 0 -43.6109 9 -17.5933 -75.9548 0 20
33 99.8631 12.2141 0 -44.4576 0 -35.9131 73.6526 0 20
33 99.8631 12.2141 0 -45.1463 1 -35.2226 -75.9831 0 20
33 99.8631 12.2141 0 -41.5716 2 19.7429 82.982 0 20
33 99.8631 12.2141 0 -38.4038 3 28.629 33.0944 0 20
33 99.8631 12.2141 0 -39.8093 4 15.3436 33.9476 0 20
33 99.8631 12.2141 0 -42.5383 5 -11.4452 55.6516 0 20
33 99.8631 12.2141 0 -35.9416 6 44.2515 6.46599 0 20
33 99.8631 12.2141 0 -39.7088 7 97.887 -74.0288 0 20
33 99.8631 12.2141 0 -45.0273 8 -44.2186 -55.3397 0 20
33 99.8631 12.2141 0 -44.3306 9 -17.5933 -75.9548 0 20
34 -90.7999 53.8806 0 -36.3113 0 -35.9131 73.6526 0 20
34 -90.7999 53.8806 0 -43.9923 1 -35.2226 -75.9831 0 20
34 -90.7999 53.8806 0 -42.1537 2 19.7429 82.982 0 20
34 -90.7999 53.8806 0 -42.6639 3 28.629 33.0944 0 20
34 -90.7999 53.8806 0 -41.6605 4 15.3436 33.9476 0 20
34 -90.7999 53.8806 0 -38.9857 5 -11.4452 55.6516 0 20
34 -90.7999 53.8806 0 -44.1069 6 44.2515 6.46599 0 20
34 -90.7999 53.8806 0 -48.1491 7 97.887 -74.0288 0 20
34 -90.7999 53.8806 0 -42.484 8 -44.2186 -55.3397 0 20
34 -90.7999 53.8806 0 -44.4588 9 -17.5933 -75.9548 0 20
35 -86.0213 68.1944 0 -35.0415 0 -35.9131 73.6526 0 20
35 -86.0213 68.1944 0 -44.6782 1 -35.2226 -75.9831 0 20
35 -86.0213 68.1944 0 -41.5629 2 19.7429 82.982 0 20
35 -86.0213 68.1944 0 -42.5687 3 28.629 33.0944 0 20
35 -86.0213 68.1944 0 -41.5793 4 15.3436 33.9476 0 20
35 -86.0213 68.1944 0 -38.5652 5 -11.4452 55.6516 0 20
35 -86.0213 68.1944 0 -44.1688 6 44.2515 6.46599 0 20
35 -86.0213 68.1944 0 -48.32 7 97.887 -74.0288 0 20
35 -86.0213 68.1944 0 -43.2987 8 -44.2186 -55.3397 0 20
35 -86.0213 68.1944 0 -45.0509 9 -17.5933 -75.9548 0 20
36 87.2948 -5.98002 0 -44.3208 0 -35.9131 73.6526 0 20
36 87.2948 -5.98002 0 -43.983 1 -35.2226 -75.9831 0 20
36 87.2948 -5.98002 0 -41.9534 2 19.7429 82.982 0 20
36 87.2948 -5.98002 0 -37.9543 3 28.629 33.0944 0 20
36 87.2948 -5.98002 0 -39.2987 4 15.3436 33.9476 0 20
36 87.2948 -5.98002 0 -42.3109 5 -11.4452 55.6516 0 20
36 87.2948 -5.98002 0 -34.0189 6 44.2515 6.46599 0 20
36 87.2948 -5.98002 0 -37.7525 7 97.887 -74.0288 0 20
36 87.2948 -5.98002 0 -43.9438 8 -44.2186 -55.3397 0 20
36 87.2948 -5.98002 0 -43.0055 9 -17.5933 -75.9548 0 20
37 -98.9682 -66.461 0 -44.7226 0 -35.9131 73.6526 0 20
37 -98.9682 -66.461 0 -37.1769 1 -35.2226 -75.9831 0 20
37 -98.9682 -66.461 0 -46.6062 2 19.7429 82.982 0 20
37 -98.9682 -66.461 0 -45.1738 3 28.629 33.0944 0 20
37 -98.9682 -66.461 0 -44.6374 4 15.3436 33.9476 0 20
37 -98.9682 -66.461 0 -44.5278 5 -11.4452 55.6516 0 20
37 -98.9682 -66.461 0 -45.1134 6 44.2515 6.46599 0 20
37 -98.9682 -66.461 0 -46.8814 7 97.887 -74.0288 0 20
37 -98.9682 -66.461 0 -35.9353 8 -44.2186 -55.3397 0 20
37 -98.9682 -66.461 0 -39.2606 9 -17.5933 -75.9548 0 20
38 -98.624 -9.01622 0 -41.313 0 -35.9131 73.6526 0 20
38 -98.624 -9.01622 0 -40.2885 1 -35.2226 -75.9831 0 20
38 -98.624 -9.01622 0 -44.509 2 19.7429 82.982 0 20
38 -98.624 -9.01622 0 -43.5368 3 28.629 33.0944 0 20
38 -98.624 -9.01622 0 -42.7048 4 15.3436 33.9476 0 20
38 -98.624 -9.01622 0 -41.7043 5 -11.4452 55.6516 0 20
38 -98.624 -9.01622 0 -44.142 6 44.2515 6.46599 0 20
38 -98.624 -9.01622 0 -47.3109 7 97.887 -74.0288 0 20
38 -98.624 -9.01622 0 -38.0728 8 -44.2186 -55.3397 0 20
38 -98.624 -9.01622 0 -41.4244 9 -17.5933 -75.9548 0 20
39 -97.0381 77.0352 0 -36.7297 0 -35.9131 73.6526 0 20
39 -97.0381 77.0352 0 -45.3435 1 -35.2226 -75.9831 0 20
39 -97.0381 77.0352 0 -42.3508 2 19.7429 82.982 0 20
39 -97.0381 77.0352 0 -43.4775 3 28.629 33.0944 0 20
39 -97.0381 77.0352 0 -42.6016 4 15.3436 33.9476 0 20
39 -97.0381 77.0352 0 -39.9038 5 -11.4452 55.6516 0 20
39 -97.0381 77.0352 0 -44.9615 6 44.2515 6.46599 0 20
39 -97.0381 77.0352 0 -48.8323 7 97.887 -74.0288 0 20
39 -97.0381 77.0352 0 -44.0698 8 -44.2186 -55.3397 0 20
39 -97.0381 77.0352 0 -45.7222 9 -17.5933 -75.9548 0 20
