NumberAnchors 10 NumberNodes 1
0 29.298 92.1385 0 -41.9733 0 28.3726 -19.8165 0 20
1 -96.7717 -18.4509 0 -42.9408 0 28.3726 -19.8165 0 20
2 -83.0434 13.1535 0 -42.2956 0 28.3726 -19.8165 0 20
3 63.9722 84.1476 0 -41.8113 0 28.3726 -19.8165 0 20
4 95.9068 -73.6944 0 -39.7216 0 28.3726 -19.8165 0 20
5 -83.5892 95.0067 0 -45.0948 0 28.3726 -19.8165 0 20
6 93.9998 82.4704 0 -42.6858 0 28.3726 -19.8165 0 20
7 90.3006 49.1167 0 -40.3304 0 28.3726 -19.8165 0 20
8 88.6854 -71.5416 0 -38.9945 0 28.3726 -19.8165 0 20
9 91.6831 -82.3169 0 -39.9763 0 28.3726 -19.8165 0 20
