NumberAnchors 40 NumberNodes 10
0 -90.939 -40.0319 0 -40.2468 0 -80.892 51.1943 0 20
0 -90.939 -40.0319 0 -42.9589 1 21.324 -95.9352 0 20
0 -90.939 -40.0319 0 -44.9511 2 15.9337 75.9896 0 20
0 -90.939 -40.0319 0 -43.7861 3 43.3314 -8.41293 0 20
0 -90.939 -40.0319 0 -42.3482 4 -93.7797 76.8317 0 20
0 -90.939 -40.0319 0 -39.6305 5 -9.43559 -65.8377 0 20
0 -90.939 -40.0319 0 -42.5474 6 -46.4196 70.9835 0 20
0 -90.939 -40.0319 0 -45.2525 7 70.0039 -12.3065 0 20
0 -90.939 -40.0319 0 -44.0878 8 51.0779 -55.1474 0 20
0 -90.939 -40.0319 0 -36.9675 9 -63.2361 16.458 0 20
1 -80.1976 -95.5293 0 -44.3222 0 -80.892 51.1943 0 20
1 -80.1976 -95.5293 0 -41.1233 1 21.324 -95.9352 0 20
1 -80.1976 -95.5293 0 -46.8647 2 15.9337 75.9896 0 20
1 -80.1976 -95.5293 0 -44.5807 3 43.3314 -8.41293 0 20
1 -80.1976 -95.5293 0 -45.7478 4 -93.7797 76.8317 0 20
1 -80.1976 -95.5293 0 -38.6924 5 -9.43559 -65.8377 0 20
1 -80.1976 -95.5293 0 -45.5962 6 -46.4196 70.9835 0 20
1 -80.1976 -95.5293 0 -45.6883 7 70.0039 -12.3065 0 20
1 -80.1976 -95.5293 0 -43.7484 8 51.0779 -55.1474 0 20
1 -80.1976 -95.5293 0 -42.074 9 -63.2361 16.458 0 20
2 12.0267 -94.3157 0 -45.7353 0 -80.892 51.1943 0 20
2 12.0267 -94.3157 0 -20.489 1 21.324 -95.9352 0 20
2 12.0267 -94.3157 0 -45.6189 2 15.9337 75.9896 0 20
2 12.0267 -94.3157 0 -40.2138 3 43.3314 -8.41293 0 20
2 12.0267 -94.3157 0 -47.0652 4 -93.7797 76.8317 0 20
2 12.0267 -94.3157 0 -32.0357 5 -9.43559 -65.8377 0 20
2 12.0267 -94.3157 0 -45.8691 6 -46.4196 70.9835 0 20
2 12.0267 -94.3157 0 -41.0297 7 70.0039 -12.3065 0 20
2 12.0267 -94.3157 0 -35.8481 8 51.0779 -55.1474 0 20
2 12.0267 -94.3157 0 -43.5292 9 -63.2361 16.458 0 20
3 -59.6318 -98.7968 0 -44.5998 0 -80.892 51.1943 0 20
3 -59.6318 -98.7968 0 -39.1625 1 21.324 -95.9352 0 20
3 -59.6318 -98.7968 0 -46.5864 2 15.9337 75.9896 0 20
3 -59.6318 -98.7968 0 -43.7269 3 43.3314 -8.41293 0 20
3 -59.6318 -98.7968 0 -46.0452 4 -93.7797 76.8317 0 20
3 -59.6318 -98.7968 0 -36.5623 5 -9.43559 -65.8377 0 20
3 -59.6318 -98.7968 0 -45.6161 6 -46.4196 70.9835 0 20
3 -59.6318 -98.7968 0 -44.8457 7 70.0039 -12.3065 0 20
3 -59.6318 -98.7968 0 -42.5033 8 51.0779 -55.1474 0 20
3 -59.6318 -98.7968 0 -42.2295 9 -63.2361 16.458 0 20
4 93.1405 -21.1008 0 -46.4961 0 -80.892 51.1943 0 20
4 93.1405 -21.1008 0 -41.3093 1 21.324 -95.9352 0 20
4 93.1405 -21.1008 0 -42.8638 2 15.9337 75.9896 0 20
4 93.1405 -21.1008 0 -35.2113 3 43.3314 -8.41293 0 20
4 93.1405 -21.1008 0 -47.4786 4 -93.7797 76.8317 0 20
4 93.1405 -21.1008 0 -41.9693 5 -9.43559 -65.8377 0 20
4 93.1405 -21.1008 0 -45.4569 6 -46.4196 70.9835 0 20
4 93.1405 -21.1008 0 -28.8642 7 70.0039 -12.3065 0 20
4 93.1405 -21.1008 0 -35.6585 8 51.0779 -55.1474 0 20
4 93.1405 -21.1008 0 -45.1191 9 -63.2361 16.458 0 20
5 74.0666 -81.9287 0 -47.197 0 -80.892 51.1943 0 20
5 74.0666 -81.9287 0 -35.7313 1 21.324 -95.9352 0 20
5 74.0666 -81.9287 0 -45.5127 2 15.9337 75.9896 0 20
5 74.0666 -81.9287 0 -39.0193 3 43.3314 -8.41293 0 20
5 74.0666 -81.9287 0 -48.2657 4 -93.7797 76.8317 0 20
5 74.0666 -81.9287 0 -39.5844 5 -9.43559 -65.8377 0 20
5 74.0666 -81.9287 0 -46.7784 6 -46.4196 70.9835 0 20
5 74.0666 -81.9287 0 -37.8618 7 70.0039 -12.3065 0 20
5 74.0666 -81.9287 0 -31.9463 8 51.0779 -55.1474 0 20
5 74.0666 -81.9287 0 -45.5454 9 -63.2361 16.458 0 20
6 95.643 86.2644 0 -46.0968 0 -80.892 51.1943 0 20
6 95.643 86.2644 0 -46.8715 1 21.324 -95.9352 0 20
6 95.643 86.2644 0 -39.0938 2 15.9337 75.9896 0 20
6 95.643 86.2644 0 -41.6741 3 43.3314 -8.41293 0 20
6 95.643 86.2644 0 -46.5515 4 -93.7797 76.8317 0 20
6 95.643 86.2644 0 -46.3294 5 -9.43559 -65.8377 0 20
6 95.643 86.2644 0 -44.0917 6 -46.4196 70.9835 0 20
6 95.643 86.2644 0 -41.1514 7 70.0039 -12.3065 0 20
6 95.643 86.2644 0 -44.413 8 51.0779 -55.1474 0 20
6 95.643 86.2644 0 -45.78 9 -63.2361 16.458 0 20
7 -97.13 44.4325 0 -25.8972 0 -80.892 51.1943 0 20
7 -97.13 44.4325 0 -46.2728 1 21.324 -95.9352 0 20
7 -97.13 44.4325 0 -42.3844 2 15.9337 75.9896 0 20
7 -97.13 44.4325 0 -44.5182 3 43.3314 -8.41293 0 20
7 -97.13 44.4325 0 -31.249 4 -93.7797 76.8317 0 20
7 -97.13 44.4325 0 -43.9697 5 -9.43559 -65.8377 0 20
7 -97.13 44.4325 0 -36.1462 6 -46.4196 70.9835 0 20
7 -97.13 44.4325 0 -45.9271 7 70.0039 -12.3065 0 20
7 -97.13 44.4325 0 -46.0275 8 51.0779 -55.1474 0 20
7 -97.13 44.4325 0 -33.8508 9 -63.2361 16.458 0 20
8 91.1637 77.9286 0 -45.8091 0 -80.892 51.1943 0 20
8 91.1637 77.9286 0 -46.4459 1 21.324 -95.9352 0 20
8 91.1637 77.9286 0 -38.5228 2 15.9337 75.9896 0 20
8 91.1637 77.9286 0 -40.8789 3 43.3314 -8.41293 0 20
8 91.1637 77.9286 0 -46.333 4 -93.7797 76.8317 0 20
8 91.1637 77.9286 0 -45.876 5 -9.43559 -65.8377 0 20
8 91.1637 77.9286 0 -43.7745 6 -46.4196 70.9835 0 20
8 91.1637 77.9286 0 -40.3321 7 70.0039 -12.3065 0 20
8 91.1637 77.9286 0 -43.8513 8 51.0779 -55.1474 0 20
8 91.1637 77.9286 0 -45.404 9 -63.2361 16.458 0 20
9 -82.7986 -70.212 0 -42.678 0 -80.892 51.1943 0 20
9 -82.7986 -70.212 0 -41.6003 1 21.324 -95.9352 0 20
9 -82.7986 -70.212 0 -45.9229 2 15.9337 75.9896 0 20
9 -82.7986 -70.212 0 -43.9429 3 43.3314 -8.41293 0 20
9 -82.7986 -70.212 0 -44.3652 4 -93.7797 76.8317 0 20
9 -82.7986 -70.212 0 -38.3171 5 -9.43559 -65.8377 0 20
9 -82.7986 -70.212 0 -44.2677 6 -46.4196 70.9835 0 20
9 -82.7986 -70.212 0 -45.2575 7 70.0039 -12.3065 0 20
9 -82.7986 -70.212 0 -43.5808 8 51.0779 -55.1474 0 20
9 -82.7986 -70.212 0 -39.9653 9 -63.2361 16.458 0 20
10 68.235 99.3628 0 -44.8942 0 -80.892 51.1943 0 20
10 68.235 99.3628 0 -47.0497 1 21.324 -95.9352 0 20
10 68.235 99.3628 0 -36.1531 2 15.9337 75.9896 0 20
10 68.235 99.3628 0 -41.8684 3 43.3314 -8.41293 0 20
10 68.235 99.3628 0 -45.2664 4 -93.7797 76.8317 0 20
10 68.235 99.3628 0 -46.2197 5 -9.43559 -65.8377 0 20
10 68.235 99.3628 0 -42.4382 6 -46.4196 70.9835 0 20
10 68.235 99.3628 0 -41.9519 7 70.0039 -12.3065 0 20
10 68.235 99.3628 0 -44.8245 8 51.0779 -55.1474 0 20
10 68.235 99.3628 0 -44.8227 9 -63.2361 16.458 0 20
11 37.0123 92.9833 0 -42.9366 0 -80.892 51.1943 0 20
11 37.0123 92.9833 0 -46.5474 1 21.324 -95.9352 0 20
11 37.0123 92.9833 0 -29.6437 2 15.9337 75.9896 0 20
11 37.0123 92.9833 0 -41.1294 3 43.3314 -8.41293 0 20
11 37.0123 92.9833 0 -43.3895 4 -93.7797 76.8317 0 20
11 37.0123 92.9833 0 -45.3667 5 -9.43559 -65.8377 0 20
11 37.0123 92.9833 0 -39.7107 6 -46.4196 70.9835 0 20
11 37.0123 92.9833 0 -41.8466 7 70.0039 -12.3065 0 20
11 37.0123 92.9833 0 -44.444 8 51.0779 -55.1474 0 20
11 37.0123 92.9833 0 -43.0077 9 -63.2361 16.458 0 20
12 -84.9283 -55.7712 0 -41.5832 0 -80.892 51.1943 0 20
12 -84.9283 -55.7712 0 -42.0989 1 21.324 -95.9352 0 20
12 -84.9283 -55.7712 0 -45.3908 2 15.9337 75.9896 0 20
12 -84.9283 -55.7712 0 -43.709 3 43.3314 -8.41293 0 20
12 -84.9283 -55.7712 0 -43.4625 4 -93.7797 76.8317 0 20
12 -84.9283 -55.7712 0 -38.6267 5 -9.43559 -65.8377 0 20
12 -84.9283 -55.7712 0 -43.4348 6 -46.4196 70.9835 0 20
12 -84.9283 -55.7712 0 -45.1239 7 70.0039 -12.3065 0 20
12 -84.9283 -55.7712 0 -43.6634 8 51.0779 -55.1474 0 20
12 -84.9283 -55.7712 0 -38.5414 9 -63.2361 16.458 0 20
13 -94.9321 8.9165 0 -33.9687 0 -80.892 51.1943 0 20
13 -94.9321 8.9165 0 -44.8854 1 21.324 -95.9352 0 20
13 -94.9321 8.9165 0 -43.2426 2 15.9337 75.9896 0 20
13 -94.9321 8.9165 0 -43.8739 3 43.3314 -8.41293 0 20
13 -94.9321 8.9165 0 -37.6327 4 -93.7797 76.8317 0 20
13 -94.9321 8.9165 0 -42.0973 5 -9.43559 -65.8377 0 20
13 -94.9321 8.9165 0 -38.9201 6 -46.4196 70.9835 0 20
13 -94.9321 8.9165 0 -45.4097 7 70.0039 -12.3065 0 20
13 -94.9321 8.9165 0 -45.0444 8 51.0779 -55.1474 0 20
13 -94.9321 8.9165 0 -31.2513 9 -63.2361 16.458 0 20
14 78.4282 -83.7427 0 -47.3861 0 -80.892 51.1943 0 20
14 78.4282 -83.7427 0 -36.3191 1 21.324 -95.9352 0 20
14 78.4282 -83.7427 0 -45.6785 2 15.9337 75.9896 0 20
14 78.4282 -83.7427 0 -39.3846 3 43.3314 -8.41293 0 20
14 78.4282 -83.7427 0 -48.4303 4 -93.7797 76.8317 0 20
14 78.4282 -83.7427 0 -40.045 5 -9.43559 -65.8377 0 20
14 78.4282 -83.7427 0 -46.9611 6 -46.4196 70.9835 0 20
14 78.4282 -83.7427 0 -38.1304 7 70.0039 -12.3065 0 20
14 78.4282 -83.7427 0 -32.9393 8 51.0779 -55.1474 0 20
14 78.4282 -83.7427 0 -45.7791 9 -63.2361 16.458 0 20
15 93.5883 9.11452 0 -46.0726 0 -80.892 51.1943 0 20
15 93.5883 9.11452 0 -43.1027 1 21.324 -95.9352 0 20
15 93.5883 9.11452 0 -41.205 2 15.9337 75.9896 0 20
15 93.5883 9.11452 0 -35.5145 3 43.3314 -8.41293 0 20
15 93.5883 9.11452 0 -46.9792 4 -93.7797 76.8317 0 20
15 93.5883 9.11452 0 -43.0958 5 -9.43559 -65.8377 0 20
15 93.5883 9.11452 0 -44.6898 6 -46.4196 70.9835 0 20
15 93.5883 9.11452 0 -31.0571 7 70.0039 -12.3065 0 20
15 93.5883 9.11452 0 -38.7276 8 51.0779 -55.1474 0 20
15 93.5883 9.11452 0 -44.9099 9 -63.2361 16.458 0 20
16 81.3647 76.7503 0 -45.3026 0 -80.892 51.1943 0 20
16 81.3647 76.7503 0 -46.2328 1 21.324 -95.9352 0 20
16 81.3647 76.7503 0 -37.3084 2 15.9337 75.9896 0 20
16 81.3647 76.7503 0 -40.387 3 43.3314 -8.41293 0 20
16 81.3647 76.7503 0 -45.86 4 -93.7797 76.8317 0 20
16 81.3647 76.7503 0 -45.5521 5 -9.43559 -65.8377 0 20
16 81.3647 76.7503 0 -43.1305 6 -46.4196 70.9835 0 20
16 81.3647 76.7503 0 -40.0556 7 70.0039 -12.3065 0 20
16 81.3647 76.7503 0 -43.62 8 51.0779 -55.1474 0 20
16 81.3647 76.7503 0 -44.8917 9 -63.2361 16.458 0 20
17 -92.9284 -56.1397 0 -41.6611 0 -80.892 51.1943 0 20
17 -92.9284 -56.1397 0 -42.6467 1 21.324 -95.9352 0 20
17 -92.9284 -56.1397 0 -45.6621 2 15.9337 75.9896 0 20
17 -92.9284 -56.1397 0 -44.182 3 43.3314 -8.41293 0 20
17 -92.9284 -56.1397 0 -43.4674 4 -93.7797 76.8317 0 20
17 -92.9284 -56.1397 0 -39.4833 5 -9.43559 -65.8377 0 20
17 -92.9284 -56.1397 0 -43.6222 6 -46.4196 70.9835 0 20
17 -92.9284 -56.1397 0 -45.5357 7 70.0039 -12.3065 0 20
17 -92.9284 -56.1397 0 -44.1599 8 51.0779 -55.1474 0 20
17 -92.9284 -56.1397 0 -38.8823 9 -63.2361 16.458 0 20
18 89.6916 -86.4457 0 -47.8084 0 -80.892 51.1943 0 20
18 89.6916 -86.4457 0 -37.772 1 21.324 -95.9352 0 20
18 89.6916 -86.4457 0 -46.0198 2 15.9337 75.9896 0 20
18 89.6916 -86.4457 0 -40.1505 3 43.3314 -8.41293 0 20
18 89.6916 -86.4457 0 -48.7968 4 -93.7797 76.8317 0 20
18 89.6916 -86.4457 0 -41.0997 5 -9.43559 -65.8377 0 20
18 89.6916 -86.4457 0 -47.358 6 -46.4196 70.9835 0 20
18 89.6916 -86.4457 0 -38.689 7 70.0039 -12.3065 0 20
18 89.6916 -86.4457 0 -34.9201 8 51.0779 -55.1474 0 20
18 89.6916 -86.4457 0 -46.3038 9 -63.2361 16.458 0 20
19 -3.45705 98.4096 0 -40.1437 0 -80.892 51.1943 0 20
19 -3.45705 98.4096 0 -46.8336 1 21.324 -95.9352 0 20
19 -3.45705 98.4096 0 -30.4303 2 15.9337 75.9896 0 20
19 -3.45705 98.4096 0 -42.3276 3 43.3314 -8.41293 0 20
19 -3.45705 98.4096 0 -40.3491 4 -93.7797 76.8317 0 20
19 -3.45705 98.4096 0 -45.3078 5 -9.43559 -65.8377 0 20
19 -3.45705 98.4096 0 -35.1384 6 -46.4196 70.9835 0 20
19 -3.45705 98.4096 0 -43.4607 7 70.0039 -12.3065 0 20
19 -3.45705 98.4096 0 -45.2334 8 51.0779 -55.1474 0 20
19 -3.45705 98.4096 0 -41.1161 9 -63.2361 16.458 0 20
20 94.979 -61.696 0 -47.3944 0 -80.892 51.1943 0 20
20 94.979 -61.696 0 -39.1858 1 21.324 -95.9352 0 20
20 94.979 -61.696 0 -45.007 2 15.9337 75.9896 0 20
20 94.979 -61.696 0 -38.4009 3 43.3314 -8.41293 0 20
20 94.979 -61.696 0 -48.3815 4 -93.7797 76.8317 0 20
20 94.979 -61.696 0 -41.3741 5 -9.43559 -65.8377 0 20
20 94.979 -61.696 0 -46.7437 6 -46.4196 70.9835 0 20
20 94.979 -61.696 0 -35.8537 7 70.0039 -12.3065 0 20
20 94.979 -61.696 0 -33.9372 8 51.0779 -55.1474 0 20
20 94.979 -61.696 0 -45.9253 9 -63.2361 16.458 0 20
21 -3.2791 -93.6968 0 -45.3085 0 -80.892 51.1943 0 20
21 -3.2791 -93.6968 0 -28.8477 1 21.324 -95.9352 0 20
21 -3.2791 -93.6968 0 -45.6404 2 15.9337 75.9896 0 20
21 -3.2791 -93.6968 0 -40.7445 3 43.3314 -8.41293 0 20
21 -3.2791 -93.6968 0 -46.7057 4 -93.7797 76.8317 0 20
21 -3.2791 -93.6968 0 -30.0985 5 -9.43559 -65.8377 0 20
21 -3.2791 -93.6968 0 -45.6132 6 -46.4196 70.9835 0 20
21 -3.2791 -93.6968 0 -41.782 7 70.0039 -12.3065 0 20
21 -3.2791 -93.6968 0 -37.4666 8 51.0779 -55.1474 0 20
21 -3.2791 -93.6968 0 -42.9591 9 -63.2361 16.458 0 20
22 85.5134 -44.2702 0 -46.6511 0 -80.892 51.1943 0 20
22 85.5134 -44.2702 0 -39.3105 1 21.324 -95.9352 0 20
22 85.5134 -44.2702 0 -43.8485 2 15.9337 75.9896 0 20
22 85.5134 -44.2702 0 -35.8565 3 43.3314 -8.41293 0 20
22 85.5134 -44.2702 0 -47.6956 4 -93.7797 76.8317 0 20
22 85.5134 -44.2702 0 -40.7604 5 -9.43559 -65.8377 0 20
22 85.5134 -44.2702 0 -45.862 6 -46.4196 70.9835 0 20
22 85.5134 -44.2702 0 -32.0035 7 70.0039 -12.3065 0 20
22 85.5134 -44.2702 0 -32.1453 8 51.0779 -55.1474 0 20
22 85.5134 -44.2702 0 -45.1107 9 -63.2361 16.458 0 20
23 -95.5067 -64.1885 0 -42.304 0 -80.892 51.1943 0 20
23 -95.5067 -64.1885 0 -42.6526 1 21.324 -95.9352 0 20
23 -95.5067 -64.1885 0 -46.0529 2 15.9337 75.9896 0 20
23 -95.5067 -64.1885 0 -44.492 3 43.3314 -8.41293 0 20
23 -95.5067 -64.1885 0 -43.9784 4 -93.7797 76.8317 0 20
23 -95.5067 -64.1885 0 -39.6908 5 -9.43559 -65.8377 0 20
23 -95.5067 -64.1885 0 -44.1478 6 -46.4196 70.9835 0 20
23 -95.5067 -64.1885 0 -45.7757 7 70.0039 -12.3065 0 20
23 -95.5067 -64.1885 0 -44.3304 8 51.0779 -55.1474 0 20
23 -95.5067 -64.1885 0 -39.7688 9 -63.2361 16.458 0 20
24 86.796 31.0517 0 -45.5444 0 -80.892 51.1943 0 20
24 86.796 31.0517 0 -44.091 1 21.324 -95.9352 0 20
24 86.796 31.0517 0 -39.4684 2 15.9337 75.9896 0 20
24 86.796 31.0517 0 -36.366 3 43.3314 -8.41293 0 20
24 86.796 31.0517 0 -46.3958 4 -93.7797 76.8317 0 20
24 86.796 31.0517 0 -43.6984 5 -9.43559 -65.8377 0 20
24 86.796 31.0517 0 -43.8569 6 -46.4196 70.9835 0 20
24 86.796 31.0517 0 -34.3405 7 70.0039 -12.3065 0 20
24 86.796 31.0517 0 -40.3903 8 51.0779 -55.1474 0 20
24 86.796 31.0517 0 -44.5567 9 -63.2361 16.458 0 20
25 12.1893 87.0209 0 -40.9693 0 -80.892 51.1943 0 20
25 12.1893 87.0209 0 -46.2498 1 21.324 -95.9352 0 20
25 12.1893 87.0209 0 -22.3182 2 15.9337 75.9896 0 20
25 12.1893 87.0209 0 -41.0256 3 43.3314 -8.41293 0 20
25 12.1893 87.0209 0 -41.5356 4 -93.7797 76.8317 0 20
25 12.1893 87.0209 0 -44.764 5 -9.43559 -65.8377 0 20
25 12.1893 87.0209 0 -36.665 6 -46.4196 70.9835 0 20
25 12.1893 87.0209 0 -42.2006 7 70.0039 -12.3065 0 20
25 12.1893 87.0209 0 -44.3615 8 51.0779 -55.1474 0 20
25 12.1893 87.0209 0 -41.273 9 -63.2361 16.458 0 20
26 13.6261 -96.2295 0 -45.8589 0 -80.892 51.1943 0 20
26 13.6261 -96.2295 0 -18.7259 1 21.324 -95.9352 0 20
26 13.6261 -96.2295 0 -45.7145 2 15.9337 75.9896 0 20
26 13.6261 -96.2295 0 -40.3341 3 43.3314 -8.41293 0 20
26 13.6261 -96.2295 0 -47.1711 4 -93.7797 76.8317 0 20
26 13.6261 -96.2295 0 -32.6222 5 -9.43559 -65.8377 0 20
26 13.6261 -96.2295 0 -45.9842 6 -46.4196 70.9835 0 20
26 13.6261 -96.2295 0 -41.0873 7 70.0039 -12.3065 0 20
26 13.6261 -96.2295 0 -35.8922 8 51.0779 -55.1474 0 20
26 13.6261 -96.2295 0 -43.6887 9 -63.2361 16.458 0 20
27 -2.71555 -94.1802 0 -45.345 0 -80.892 51.1943 0 20
27 -2.71555 -94.1802 0 -28.6337 1 21.324 -95.9352 0 20
27 -2.71555 -94.1802 0 -45.6616 2 15.9337 75.9896 0 20
27 -2.71555 -94.1802 0 -40.7585 3 43.3314 -8.41293 0 20
27 -2.71555 -94.1802 0 -46.7368 4 -93.7797 76.8317 0 20
27 -2.71555 -94.1802 0 -30.2784 5 -9.43559 -65.8377 0 20
27 -2.71555 -94.1802 0 -45.6443 6 -46.4196 70.9835 0 20
27 -2.71555 -94.1802 0 -41.7808 7 70.0039 -12.3065 0 20
27 -2.71555 -94.1802 0 -37.4437 8 51.0779 -55.1474 0 20
27 -2.71555 -94.1802 0 -43.007 9 -63.2361 16.458 0 20
28 -80.0511 -28.7008 0 -39.043 0 -80.892 51.1943 0 20
28 -80.0511 -28.7008 0 -42.6939 1 21.324 -95.9352 0 20
28 -80.0511 -28.7008 0 -44.0398 2 15.9337 75.9896 0 20
28 -80.0511 -28.7008 0 -42.933 3 43.3314 -8.41293 0 20
28 -80.0511 -28.7008 0 -41.5327 4 -93.7797 76.8317 0 20
28 -80.0511 -28.7008 0 -39.0306 5 -9.43559 -65.8377 0 20
28 -80.0511 -28.7008 0 -41.4328 6 -46.4196 70.9835 0 20
28 -80.0511 -28.7008 0 -44.5686 7 70.0039 -12.3065 0 20
28 -80.0511 -28.7008 0 -43.5192 8 51.0779 -55.1474 0 20
28 -80.0511 -28.7008 0 -34.6508 9 -63.2361 16.458 0 20
29 -13.8924 93.8178 0 -38.9894 0 -80.892 51.1943 0 20
29 -13.8924 93.8178 0 -46.7029 1 21.324 -95.9352 0 20
29 -13.8924 93.8178 0 -31.8108 2 15.9337 75.9896 0 20
29 -13.8924 93.8178 0 -42.3674 3 43.3314 -8.41293 0 20
29 -13.8924 93.8178 0 -39.2337 4 -93.7797 76.8317 0 20
29 -13.8924 93.8178 0 -45.0592 5 -9.43559 -65.8377 0 20
29 -13.8924 93.8178 0 -32.9771 6 -46.4196 70.9835 0 20
29 -13.8924 93.8178 0 -43.6168 7 70.0039 -12.3065 0 20
29 -13.8924 93.8178 0 -45.2101 8 51.0779 -55.1474 0 20
29 -13.8924 93.8178 0 -40.2449 9 -63.2361 16.458 0 20
30 -93.7249 23.2011 0 -30.7615 0 -80.892 51.1943 0 20
30 -93.7249 23.2011 0 -45.3743 1 21.324 -95.9352 0 20
30 -93.7249 23.2011 0 -42.6981 2 15.9337 75.9896 0 20
30 -93.7249 23.2011 0 -43.9552 3 43.3314 -8.41293 0 20
30 -93.7249 23.2011 0 -35.5803 4 -93.7797 76.8317 0 20
30 -93.7249 23.2011 0 -42.7624 5 -9.43559 -65.8377 0 20
30 -93.7249 23.2011 0 -37.5444 6 -46.4196 70.9835 0 20
30 -93.7249 23.2011 0 -45.4742 7 70.0039 -12.3065 0 20
30 -93.7249 23.2011 0 -45.3228 8 51.0779 -55.1474 0 20
30 -93.7249 23.2011 0 -30.8823 9 -63.2361 16.458 0 20
31 66.3144 -80.9005 0 -46.9159 0 -80.892 51.1943 0 20
31 66.3144 -80.9005 0 -34.5143 1 21.324 -95.9352 0 20
31 66.3144 -80.9005 0 -45.3302 2 15.9337 75.9896 0 20
31 66.3144 -80.9005 0 -38.6134 3 43.3314 -8.41293 0 20
31 66.3144 -80.9005 0 -48.0258 4 -93.7797 76.8317 0 20
31 66.3144 -80.9005 0 -38.7482 5 -9.43559 -65.8377 0 20
31 66.3144 -80.9005 0 -46.5282 6 -46.4196 70.9835 0 20
31 66.3144 -80.9005 0 -37.7304 7 70.0039 -12.3065 0 20
31 66.3144 -80.9005 0 -30.5121 8 51.0779 -55.1474 0 20
31 66.3144 -80.9005 0 -45.1854 9 -63.2361 16.458 0 20
32 94.4498 -5.462 0 -46.3011 0 -80.892 51.1943 0 20
32 94.4498 -5.462 0 -42.306 1 21.324 -95.9352 0 20
32 94.4498 -5.462 0 -42.0639 2 15.9337 75.9896 0 20
32 94.4498 -5.462 0 -35.1781 3 43.3314 -8.41293 0 20
32 94.4498 -5.462 0 -47.2455 4 -93.7797 76.8317 0 20
32 94.4498 -5.462 0 -42.587 5 -9.43559 -65.8377 0 20
32 94.4498 -5.462 0 -45.0894 6 -46.4196 70.9835 0 20
32 94.4498 -5.462 0 -29.084 7 70.0039 -12.3065 0 20
32 94.4498 -5.462 0 -37.3768 8 51.0779 -55.1474 0 20
32 94.4498 -5.462 0 -45.0311 9 -63.2361 16.458 0 20
33 97.2319 -44.2234 0 -47.1022 0 -80.892 51.1943 0 20
33 97.2319 -44.2234 0 -40.2535 1 21.324 -95.9352 0 20
33 97.2319 -44.2234 0 -44.2268 2 15.9337 75.9896 0 20
33 97.2319 -44.2234 0 -37.2118 3 43.3314 -8.41293 0 20
33 97.2319 -44.2234 0 -48.0797 4 -93.7797 76.8317 0 20
33 97.2319 -44.2234 0 -41.7275 5 -9.43559 -65.8377 0 20
33 97.2319 -44.2234 0 -46.2952 6 -46.4196 70.9835 0 20
33 97.2319 -44.2234 0 -33.4473 7 70.0039 -12.3065 0 20
33 97.2319 -44.2234 0 -34.513 8 51.0779 -55.1474 0 20
33 97.2319 -44.2234 0 -45.6803 9 -63.2361 16.458 0 20
34 44.8693 82.8196 0 -43.2493 0 -80.892 51.1943 0 20
34 44.8693 82.8196 0 -46.112 1 21.324 -95.9352 0 20
34 44.8693 82.8196 0 -30.4562 2 15.9337 75.9896 0 20
34 44.8693 82.8196 0 -40.1963 3 43.3314 -8.41293 0 20
34 44.8693 82.8196 0 -43.8385 4 -93.7797 76.8317 0 20
34 44.8693 82.8196 0 -44.9798 5 -9.43559 -65.8377 0 20
34 44.8693 82.8196 0 -40.2729 6 -46.4196 70.9835 0 20
34 44.8693 82.8196 0 -40.8512 7 70.0039 -12.3065 0 20
34 44.8693 82.8196 0 -43.7964 8 51.0779 -55.1474 0 20
34 44.8693 82.8196 0 -43.0578 9 -63.2361 16.458 0 20
35 93.7891 55.1949 0 -45.8393 0 -80.892 51.1943 0 20
35 93.7891 55.1949 0 -45.4779 1 21.324 -95.9352 0 20
35 93.7891 55.1949 0 -39.1171 2 15.9337 75.9896 0 20
35 93.7891 55.1949 0 -39.1822 3 43.3314 -8.41293 0 20
35 93.7891 55.1949 0 -46.5127 4 -93.7797 76.8317 0 20
35 93.7891 55.1949 0 -45.024 5 -9.43559 -65.8377 0 20
35 93.7891 55.1949 0 -43.9823 6 -46.4196 70.9835 0 20
35 93.7891 55.1949 0 -38.0867 7 70.0039 -12.3065 0 20
35 93.7891 55.1949 0 -42.4533 8 51.0779 -55.1474 0 20
35 93.7891 55.1949 0 -45.1681 9 -63.2361 16.458 0 20
36 -83.9373 -74.2968 0 -42.9669 0 -80.892 51.1943 0 20
36 -83.9373 -74.2968 0 -41.6172 1 21.324 -95.9352 0 20
36 -83.9373 -74.2968 0 -46.119 2 15.9337 75.9896 0 20
36 -83.9373 -74.2968 0 -44.1177 3 43.3314 -8.41293 0 20
36 -83.9373 -74.2968 0 -44.5974 4 -93.7797 76.8317 0 20
36 -83.9373 -74.2968 0 -38.4911 5 -9.43559 -65.8377 0 20
36 -83.9373 -74.2968 0 -44.5166 6 -46.4196 70.9835 0 20
36 -83.9373 -74.2968 0 -45.3918 7 70.0039 -12.3065 0 20
36 -83.9373 -74.2968 0 -43.6862 8 51.0779 -55.1474 0 20
36 -83.9373 -74.2968 0 -40.3698 9 -63.2361 16.458 0 20
37 -76.6151 -91.3813 0 -44.0769 0 -80.892 51.1943 0 20
37 -76.6151 -91.3813 0 -40.8206 1 21.324 -95.9352 0 20
37 -76.6151 -91.3813 0 -46.6243 2 15.9337 75.9896 0 20
37 -76.6151 -91.3813 0 -44.27 3 43.3314 -8.41293 0 20
37 -76.6151 -91.3813 0 -45.5543 4 -93.7797 76.8317 0 20
37 -76.6151 -91.3813 0 -38.1233 5 -9.43559 -65.8377 0 20
37 -76.6151 -91.3813 0 -45.3496 6 -46.4196 70.9835 0 20
37 -76.6151 -91.3813 0 -45.4247 7 70.0039 -12.3065 0 20
37 -76.6151 -91.3813 0 -43.4518 8 51.0779 -55.1474 0 20
37 -76.6151 -91.3813 0 -41.714 9 -63.2361 16.458 0 20
38 89.2414 -79.2066 0 -47.6149 0 -80.892 51.1943 0 20
38 89.2414 -79.2066 0 -37.8875 1 21.324 -95.9352 0 20
38 89.2414 -79.2066 0 -45.6844 2 15.9337 75.9896 0 20
38 89.2414 -79.2066 0 -39.5166 3 43.3314 -8.41293 0 20
38 89.2414 -79.2066 0 -48.6147 4 -93.7797 76.8317 0 20
38 89.2414 -79.2066 0 -40.9554 5 -9.43559 -65.8377 0 20
38 89.2414 -79.2066 0 -47.1158 6 -46.4196 70.9835 0 20
38 89.2414 -79.2066 0 -37.8457 7 70.0039 -12.3065 0 20
38 89.2414 -79.2066 0 -34.0784 8 51.0779 -55.1474 0 20
38 89.2414 -79.2066 0 -46.0977 9 -63.2361 16.458 0 20
39 43.9699 94.8209 0 -43.4209 0 -80.892 51.1943 0 20
39 43.9699 94.8209 0 -46.6624 1 21.324 -95.9352 0 20
39 43.9699 94.8209 0 -31.5636 2 15.9337 75.9896 0 20
39 43.9699 94.8209 0 -41.2687 3 43.3314 -8.41293 0 20
39 43.9699 94.8209 0 -43.8473 4 -93.7797 76.8317 0 20
39 43.9699 94.8209 0 -45.5654 5 -9.43559 -65.8377 0 20
39 43.9699 94.8209 0 -40.4065 6 -46.4196 70.9835 0 20
39 43.9699 94.8209 0 -41.8393 7 70.0039 -12.3065 0 20
39 43.9699 94.8209 0 -44.5218 8 51.0779 -55.1474 0 20
39 43.9699 94.8209 0 -43.4556 9 -63.2361 16.458 0 20
