-41.4415 16.4236 0 0
-35.0631 27.8649 0 0
-47.3062 -74.9212 0 0
35.9553 -88.0365 0 0
-31.2546 25.8531 0 0
13.1954 18.0255 0 0
-46.6223 4.23761 0 0
-46.4494 45.4293 0 0
44.5922 59.8548 0 0
15.2861 -3.09752 0 0
43.5493 -64.1226 0 0
-21.208 -41.0128 0 0
-1.60351 -71.199 0 0
2.19373 37.5081 0 0
13.522 -35.7613 0 0
-44.3116 38.0078 0 0
33.7988 63.2875 0 0
17.5375 -19.5907 0 0
34.2096 54.5404 0 0
29.0591 -74.7459 0 0
29.5922 -32.3285 0 0
-28.5438 -1.8399 0 0
25.6027 81.8447 0 0
-26.3927 -8.62533 0 0
3.85535 68.7459 0 0
44.4823 82.4604 0 0
42.5327 -45.9933 0 0
-36.1981 -94.1191 0 0
-9.15525 46.1986 0 0
-19.5042 -91.6477 0 0
41.3384 53.8154 0 0
-24.4031 91.9118 0 0
-12.8632 46.7615 0 0
-28.7655 65.5825 0 0
-34.4639 8.47457 0 0
-11.8107 87.7207 0 0
14.7305 -76.1693 0 0
-23.4037 -0.988535 0 0
-48.1616 30.6801 0 0
5.66976 75.6695 0 0
16.278 35.3544 0 0
30.1046 -28.8776 0 0
-40.024 -32.5021 0 0
13.904 -57.5655 0 0
-35.2738 28.4433 0 0
7.538 -6.37416 0 0
-38.8559 1.47615 0 0
-31.5415 -46.2865 0 0
9.39167 76.1339 0 0
-19.6172 -73.7256 0 0
-49.0193 -69.0373 0 0
43.2284 2.97789 0 0
4.44799 80.5102 0 0
-45.5278 -98.2198 0 0
-48.2073 -83.6952 0 0
-26.638 -58.1022 0 0
17.948 -11.6435 0 0
-18.1579 70.778 0 0
27.5198 -39.5185 0 0
-33.0409 95.4006 0 0
-14.8413 -7.87698 0 0
22.6497 -71.4425 0 0
-17.3569 -44.0404 0 0
-15.2936 73.281 0 0
21.5194 2.81958 0 0
-23.3403 41.7508 0 0
-37.0208 -66.2696 0 0
9.62063 -0.352822 0 0
-28.3357 61.8335 0 0
-2.48861 -86.0907 0 0
45.3683 -74.4011 0 0
22.7009 -50.7903 0 0
-32.6676 -19.9272 0 0
-21.4508 55.1532 0 0
6.98867 -93.2472 0 0
18.3794 10.4838 0 0
19.1864 39.0414 0 0
27.654 80.1612 0 0
-15.8776 -80.024 0 0
-40.832 -30.2817 0 0
39.8515 56.4914 0 0
-29.5543 46.0373 0 0
-39.4109 -19.4797 0 0
-23.7318 -34.4891 0 0
3.08013 92.0004 0 0
38.9169 -75.6308 0 0
-30.0799 -21.3546 0 0
9.8846 32.4985 0 0
11.0956 97.3963 0 0
-42.0812 -73.715 0 0
-2.87174 -32.524 0 0
-26.7334 -8.7083 0 0
19.0577 49.8074 0 0
41.7605 44.0644 0 0
39.9925 -87.2704 0 0
-5.77615 -58.9601 0 0
32.2676 -25.4301 0 0
-14.4807 26.3602 0 0
-19.2172 43.5626 0 0
16.6607 53.0436 0 0
-95.7207 86.4568 0 0
-92.5316 8.89597 0 0
-98.6531 -91.0556 0 0
-57.0223 -96.4146 0 0
-90.6273 -53.276 0 0
-68.4023 35.896 0 0
-98.3111 -36.3158 0 0
-98.2247 55.0395 0 0
-52.7039 -66.0817 0 0
-67.3569 -29.6827 0 0
-53.2253 45.2994 0 0
-85.604 -34.7138 0 0
-75.8018 -30.5872 0 0
-73.9031 43.0388 0 0
-68.239 -46.6805 0 0
-97.1558 -74.0417 0 0
-58.1006 19.2413 0 0
-66.2313 -56.6714 0 0
-57.8952 -4.97722 0 0
-60.4704 90.7367 0 0
-60.2039 45.4018 0 0
-89.2719 -65.3351 0 0
-62.1987 -42.9017 0 0
-88.1963 13.9773 0 0
-73.0723 36.7588 0 0
-52.7589 38.3729 0 0
-53.7337 55.3079 0 0
-93.0991 -31.7553 0 0
-79.5776 -81.664 0 0
-84.7521 79.703 0 0
-54.3308 -59.1087 0 0
-87.2015 -78.8218 0 0
-81.4316 -47.4636 0 0
-89.3827 6.16027 0 0
-92.2319 77.8338 0 0
-80.9054 -60.1598 0 0
-67.6348 19.7692 0 0
-86.7019 22.1912 0 0
-99.0808 -84.1623 0 0
-72.1651 -5.74349 0 0
-66.861 -53.4667 0 0
-59.9477 38.1154 0 0
-95.012 83.5211 0 0
-68.048 79.9851 0 0
-92.6369 -11.5523 0 0
-71.231 64.5351 0 0
-94.428 -28.9614 0 0
-90.7707 -38.4344 0 0
-70.3042 33.3213 0 0
-84.8086 8.07184 0 0
54.2793 86.4568 0 0
57.4684 8.89597 0 0
51.3469 -91.0556 0 0
92.9777 -96.4146 0 0
59.3727 -53.276 0 0
81.5977 35.896 0 0
51.6889 -36.3158 0 0
51.7753 55.0395 0 0
97.2961 -66.0817 0 0
82.6431 -29.6827 0 0
96.7747 45.2994 0 0
64.396 -34.7138 0 0
74.1982 -30.5872 0 0
76.0969 43.0388 0 0
81.761 -46.6805 0 0
52.8442 -74.0417 0 0
91.8994 19.2413 0 0
83.7687 -56.6714 0 0
92.1048 -4.97722 0 0
89.5296 90.7367 0 0
89.7961 45.4018 0 0
60.7281 -65.3351 0 0
87.8013 -42.9017 0 0
61.8037 13.9773 0 0
76.9277 36.7588 0 0
97.2411 38.3729 0 0
96.2663 55.3079 0 0
56.9009 -31.7553 0 0
70.4224 -81.664 0 0
65.2479 79.703 0 0
95.6692 -59.1087 0 0
62.7985 -78.8218 0 0
68.5684 -47.4636 0 0
60.6173 6.16027 0 0
57.7681 77.8338 0 0
69.0946 -60.1598 0 0
82.3652 19.7692 0 0
63.2981 22.1912 0 0
50.9192 -84.1623 0 0
77.8349 -5.74349 0 0
83.139 -53.4667 0 0
90.0523 38.1154 0 0
54.988 83.5211 0 0
81.952 79.9851 0 0
57.3631 -11.5523 0 0
78.769 64.5351 0 0
55.572 -28.9614 0 0
59.2293 -38.4344 0 0
79.6958 33.3213 0 0
65.1914 8.07184 0 0
