NumberAnchors 10 NumberNodes 1
0 -93.969 -32.4844 0 -45.2341 0 63.328 10.1325 0 20
1 83.2325 -95.5292 0 -41.6219 0 63.328 10.1325 0 20
2 49.3142 90.4535 0 -39.2189 0 63.328 10.1325 0 20
3 -36.9756 97.6853 0 -43.4783 0 63.328 10.1325 0 20
4 -86.8851 99.0605 0 -45.8311 0 63.328 10.1325 0 20
5 -55.8118 90.0419 0 -44.1265 0 63.328 10.1325 0 20
6 92.3565 -23.5635 0 -33.9545 0 63.328 10.1325 0 20
7 -15.1811 86.1214 0 -41.7614 0 63.328 10.1325 0 20
8 81.7425 93.4112 0 -39.6101 0 63.328 10.1325 0 20
9 -97.1895 42.2663 0 -45.2732 0 63.328 10.1325 0 20
